1
10
11
100
101
110
1001
1010
1011
1100
1101
10010
10011
10100
10110
11001
11010
100101
100110
101001
101100
101101
110010
110011
110100
1001011
1001100
1001101
1010010
1010011
1011001
1011010
1100101
1100110
1101001
10010110
10011001
10011010
10100101
10100110
10110011
10110100
11001011
11001101
11010010
11010011
100101100
100101101
100110010
100110100
101001011
101001100
101100110
101101001
110010110
110011010
110100101
110100110
1001011001
1001011010
1001100101
1001101001
1010010110
1010011001
1011001101
1011010010
1011010011
1100101100
1100101101
1100110100
1101001011
1101001100
10010110011
10010110100
10011001011
10011010010
10011010011
10100101100
10100101101
10100110010
10110011010
10110100101
10110100110
11001011001
11001011010
11001101001
11010010110
11010011001
100101100110
100101101001
100110010110
100110100101
100110100110
101001011001
101001011010
101001100101
101100110100
101101001011
101101001100
110010110011
110010110100
110011010010
110011010011
110100101100
110100101101
110100110010
1001011001101
1001011010010
1001011010011
1001100101100
1001100101101
1001101001011
1001101001100
1010010110011
1010010110100
1010011001011
1011001101001
1011010010110
1011010011001
1100101100110
1100101101001
1100110100101
1100110100110
1101001011001
1101001011010
1101001100101
10010110011010
10010110100101
10010110100110
10011001011001
10011001011010
10011010010110
10011010011001
10100101100110
10100101101001
10100110010110
10110011010010
10110011010011
10110100101100
10110100110010
11001011001101
11001011010010
11001101001011
11001101001100
11010010110011
11010010110100
11010011001011
100101100110100
100101101001011
100101101001100
100110010110011
100110010110100
100110100101101
100110100110010
101001011001101
101001011010011
101001100101100
101001100101101
101100110100101
101100110100110
101101001011001
101101001100101
110010110011010
110010110100101
110011010010110
110011010011001
110100101100110
110100101101001
110100110010110
1001011001101001
1001011010010110
1001011010011001
1001100101100110
1001100101101001
1001101001011010
1001101001100101
1010010110011010
1010010110100110
1010011001011001
1010011001011010
1011001101001011
1011001101001100
1011010010110011
1011010011001011
1100101100110100
1100101101001011
1100110100101101
1100110100110010
1101001011001101
1101001011010011
1101001100101100
1101001100101101
10010110011010010
10010110011010011
10010110100101100
10010110100110010
10011001011001101
10011001011010010
10011010010110100
10011010011001011
10100101100110100
10100101101001100
10100110010110011
10100110010110100
10110011010010110
10110011010011001
10110100101100110
10110100110010110
11001011001101001
11001011010010110
11001101001011010
11001101001100101
11010010110011010
11010010110100110
11010011001011001
11010011001011010
100101100110100101
100101100110100110
100101101001011001
100101101001100101
100110010110011010
100110010110100101
100110100101101001
100110100110010110
101001011001101001
101001011010011001
101001100101100110
101001100101101001
101100110100101101
101100110100110010
101101001011001101
101101001100101100
101101001100101101
110010110011010010
110010110011010011
110010110100101100
110011010010110100
110011010011001011
110100101100110100
110100101101001100
110100110010110011
110100110010110100
1001011001101001011
1001011001101001100
1001011010010110011
1001011010011001011
1001100101100110100
1001100101101001011
1001101001011010011
1001101001100101100
1001101001100101101
1010010110011010010
1010010110011010011
1010010110100110010
1010011001011001101
1010011001011010010
1011001101001011010
1011001101001100101
1011010010110011010
1011010011001011001
1011010011001011010
1100101100110100101
1100101100110100110
1100101101001011001
1100110100101101001
1100110100110010110
1101001011001101001
1101001011010011001
1101001100101100110
1101001100101101001
10010110011010010110
10010110011010011001
10010110100101100110
10010110100110010110
10011001011001101001
10011001011010010110
10011010010110100110
10011010011001011001
10011010011001011010
10100101100110100101
10100101100110100110
10100101101001100101
10100110010110011010
10100110010110100101
10110011010010110100
10110011010011001011
10110100101100110100
10110100110010110011
10110100110010110100
11001011001101001011
11001011001101001100
11001011010010110011
11001101001011010011
11001101001100101100
11001101001100101101
11010010110011010010
11010010110011010011
11010010110100110010
11010011001011001101
11010011001011010010
100101100110100101101
100101100110100110010
100101101001011001101
100101101001100101100
100101101001100101101
100110010110011010010
100110010110011010011
100110010110100101100
100110100101101001100
100110100110010110011
100110100110010110100
101001011001101001011
101001011001101001100
101001011010011001011
101001100101100110100
101001100101101001011
101100110100101101001
101100110100110010110
101101001011001101001
101101001100101100110
101101001100101101001
110010110011010010110
110010110011010011001
110010110100101100110
110011010010110100110
110011010011001011001
110011010011001011010
110100101100110100101
110100101100110100110
110100101101001100101
110100110010110011010
110100110010110100101
1001011001101001011010
1001011001101001100101
1001011010010110011010
1001011010011001011001
1001011010011001011010
1001100101100110100101
1001100101100110100110
1001100101101001011001
1001101001011010011001
1001101001100101100110
1001101001100101101001
1010010110011010010110
1010010110011010011001
1010010110100110010110
1010011001011001101001
1010011001011010010110
1011001101001011010011
1011001101001100101100
1011001101001100101101
1011010010110011010010
1011010010110011010011
1011010011001011001101
1011010011001011010010
1100101100110100101101
1100101100110100110010
1100101101001011001101
1100110100101101001100
1100110100110010110011
1100110100110010110100
1101001011001101001011
1101001011001101001100
1101001011010011001011
1101001100101100110100
1101001100101101001011
10010110011010010110100
10010110011010011001011
10010110100101100110100
10010110100110010110011
10010110100110010110100
10011001011001101001011
10011001011001101001100
10011001011010010110011
10011010010110100110010
10011010011001011001101
10011010011001011010010
10100101100110100101101
10100101100110100110010
10100101101001100101100
10100101101001100101101
10100110010110011010010
10100110010110011010011
10100110010110100101100
10110011010010110100110
10110011010011001011001
10110011010011001011010
10110100101100110100101
10110100101100110100110
10110100110010110011010
10110100110010110100101
11001011001101001011010
11001011001101001100101
11001011010010110011010
11001101001011010011001
11001101001100101100110
11001101001100101101001
11010010110011010010110
11010010110011010011001
11010010110100110010110
11010011001011001101001
11010011001011010010110
100101100110100101101001
100101100110100110010110
100101101001011001101001
100101101001100101100110
100101101001100101101001
100110010110011010010110
100110010110011010011001
100110010110100101100110
100110100101101001100101
100110100110010110011010
100110100110010110100101
101001011001101001011010
101001011001101001100101
101001011010011001011001
101001011010011001011010
101001100101100110100101
101001100101100110100110
101001100101101001011001
101100110100101101001100
101100110100110010110011
101100110100110010110100
101101001011001101001011
101101001011001101001100
101101001100101100110100
101101001100101101001011
110010110011010010110100
110010110011010011001011
110010110100101100110100
110011010010110100110010
110011010011001011001101
110011010011001011010010
110100101100110100101101
110100101100110100110010
110100101101001100101100
110100101101001100101101
110100110010110011010010
110100110010110011010011
110100110010110100101100
1001011001101001011010011
1001011001101001100101100
1001011001101001100101101
1001011010010110011010010
1001011010010110011010011
1001011010011001011001101
1001011010011001011010010
1001100101100110100101101
1001100101100110100110010
1001100101101001011001101
1001101001011010011001011
1001101001100101100110100
1001101001100101101001011
1010010110011010010110100
1010010110011010011001011
1010010110100110010110011
1010010110100110010110100
1010011001011001101001011
1010011001011001101001100
1010011001011010010110011
1011001101001011010011001
1011001101001100101100110
1011001101001100101101001
1011010010110011010010110
1011010010110011010011001
1011010011001011001101001
1011010011001011010010110
1100101100110100101101001
1100101100110100110010110
1100101101001011001101001
1100110100101101001100101
1100110100110010110011010
1100110100110010110100101
1101001011001101001011010
1101001011001101001100101
1101001011010011001011001
1101001011010011001011010
1101001100101100110100101
1101001100101100110100110
1101001100101101001011001
10010110011010010110100110
10010110011010011001011001
10010110011010011001011010
10010110100101100110100101
10010110100101100110100110
10010110100110010110011010
10010110100110010110100101
10011001011001101001011010
10011001011001101001100101
10011001011010010110011010
10011010010110100110010110
10011010011001011001101001
10011010011001011010010110
10100101100110100101101001
10100101100110100110010110
10100101101001100101100110
10100101101001100101101001
10100110010110011010010110
10100110010110011010011001
10100110010110100101100110
10110011010010110100110010
10110011010011001011001101
10110011010011001011010010
10110100101100110100101101
10110100101100110100110010
10110100110010110011010011
10110100110010110100101100
11001011001101001011010011
11001011001101001100101101
11001011010010110011010010
11001011010010110011010011
11001101001011010011001011
11001101001100101100110100
11001101001100101101001011
11010010110011010010110100
11010010110011010011001011
11010010110100110010110011
11010010110100110010110100
11010011001011001101001011
11010011001011001101001100
11010011001011010010110011
100101100110100101101001100
100101100110100110010110011
100101100110100110010110100
100101101001011001101001011
100101101001011001101001100
100101101001100101100110100
100101101001100101101001011
100110010110011010010110100
100110010110011010011001011
100110010110100101100110100
100110100101101001100101100
100110100101101001100101101
100110100110010110011010010
100110100110010110100101100
101001011001101001011010011
101001011001101001100101100
101001011010011001011001101
101001011010011001011010010
101001100101100110100101101
101001100101100110100110010
101001100101101001011001101
101100110100101101001100101
101100110100110010110011010
101100110100110010110100101
101101001011001101001011010
101101001011001101001100101
101101001100101100110100110
101101001100101101001011001
110010110011010010110100110
110010110011010011001011010
110010110100101100110100101
110010110100101100110100110
110011010010110100110010110
110011010011001011001101001
110011010011001011010010110
110100101100110100101101001
110100101100110100110010110
110100101101001100101100110
110100101101001100101101001
110100110010110011010010110
110100110010110011010011001
110100110010110100101100110
1001011001101001011010011001
1001011001101001100101100110
1001011001101001100101101001
1001011010010110011010010110
1001011010010110011010011001
1001011010011001011001101001
1001011010011001011010010110
1001100101100110100101101001
1001100101100110100110010110
1001100101101001011001101001
1001101001011010011001011001
1001101001011010011001011010
1001101001100101100110100101
1001101001100101101001011001
1010010110011010010110100110
1010010110011010011001011001
1010010110100110010110011010
1010010110100110010110100101
1010011001011001101001011010
1010011001011001101001100101
1010011001011010010110011010
1011001101001011010011001011
1011001101001100101100110100
1011001101001100101101001011
1011010010110011010010110100
1011010010110011010011001011
1011010011001011001101001100
1011010011001011010010110011
1100101100110100101101001100
1100101100110100110010110100
1100101101001011001101001011
1100101101001011001101001100
1100110100101101001100101100
1100110100101101001100101101
1100110100110010110011010010
1100110100110010110100101100
1101001011001101001011010011
1101001011001101001100101100
1101001011010011001011001101
1101001011010011001011010010
1101001100101100110100101101
1101001100101100110100110010
1101001100101101001011001101
10010110011010010110100110010
10010110011010011001011001101
10010110011010011001011010010
10010110100101100110100101101
10010110100101100110100110010
10010110100110010110011010011
10010110100110010110100101100
10011001011001101001011010011
10011001011001101001100101101
10011001011010010110011010010
10011001011010010110011010011
10011010010110100110010110011
10011010010110100110010110100
10011010011001011001101001011
10011010011001011010010110011
10100101100110100101101001100
10100101100110100110010110011
10100101101001100101100110100
10100101101001100101101001011
10100110010110011010010110100
10100110010110011010011001011
10100110010110100101100110100
10110011010010110100110010110
10110011010011001011001101001
10110011010011001011010010110
10110100101100110100101101001
10110100101100110100110010110
10110100110010110011010011001
10110100110010110100101100110
11001011001101001011010011001
11001011001101001100101101001
11001011010010110011010010110
11001011010010110011010011001
11001101001011010011001011001
11001101001011010011001011010
11001101001100101100110100101
11001101001100101101001011001
11010010110011010010110100110
11010010110011010011001011001
11010010110100110010110011010
11010010110100110010110100101
11010011001011001101001011010
11010011001011001101001100101
11010011001011010010110011010
100101100110100101101001100101
100101100110100110010110011010
100101100110100110010110100101
100101101001011001101001011010
100101101001011001101001100101
100101101001100101100110100110
100101101001100101101001011001
100110010110011010010110100110
100110010110011010011001011010
100110010110100101100110100101
100110010110100101100110100110
100110100101101001100101100110
100110100101101001100101101001
100110100110010110011010010110
100110100110010110100101100110
101001011001101001011010011001
101001011001101001100101100110
101001011010011001011001101001
101001011010011001011010010110
101001100101100110100101101001
101001100101100110100110010110
101001100101101001011001101001
101100110100101101001100101100
101100110100101101001100101101
101100110100110010110011010010
101100110100110010110100101100
101101001011001101001011010011
101101001011001101001100101100
101101001100101100110100110010
101101001100101101001011001101
110010110011010010110100110010
110010110011010011001011010010
110010110100101100110100101101
110010110100101100110100110010
110011010010110100110010110011
110011010010110100110010110100
110011010011001011001101001011
110011010011001011010010110011
110100101100110100101101001100
110100101100110100110010110011
110100101101001100101100110100
110100101101001100101101001011
110100110010110011010010110100
110100110010110011010011001011
110100110010110100101100110100
1001011001101001011010011001011
1001011001101001100101100110100
1001011001101001100101101001011
1001011010010110011010010110100
1001011010010110011010011001011
1001011010011001011001101001100
1001011010011001011010010110011
1001100101100110100101101001100
1001100101100110100110010110100
1001100101101001011001101001011
1001100101101001011001101001100
1001101001011010011001011001101
1001101001011010011001011010010
1001101001100101100110100101101
1001101001100101101001011001101
1010010110011010010110100110010
1010010110011010011001011001101
1010010110100110010110011010011
1010010110100110010110100101100
1010011001011001101001011010011
1010011001011001101001100101101
1010011001011010010110011010010
1010011001011010010110011010011
1011001101001011010011001011001
1011001101001011010011001011010
1011001101001100101100110100101
1011001101001100101101001011001
1011010010110011010010110100110
1011010010110011010011001011001
1011010011001011001101001100101
1011010011001011010010110011010
1100101100110100101101001100101
1100101100110100110010110100101
1100101101001011001101001011010
1100101101001011001101001100101
1100110100101101001100101100110
1100110100101101001100101101001
1100110100110010110011010010110
1100110100110010110100101100110
1101001011001101001011010011001
1101001011001101001100101100110
1101001011010011001011001101001
1101001011010011001011010010110
1101001100101100110100101101001
1101001100101100110100110010110
1101001100101101001011001101001
10010110011010010110100110010110
10010110011010011001011001101001
10010110011010011001011010010110
10010110100101100110100101101001
10010110100101100110100110010110
10010110100110010110011010011001
10010110100110010110100101100110
10011001011001101001011010011001
10011001011001101001100101101001
10011001011010010110011010010110
10011001011010010110011010011001
10011010010110100110010110011010
10011010010110100110010110100101
10011010011001011001101001011010
10011010011001011010010110011010
10100101100110100101101001100101
10100101100110100110010110011010
10100101101001100101100110100110
10100101101001100101101001011001
10100110010110011010010110100110
10100110010110011010011001011010
10100110010110100101100110100101
10100110010110100101100110100110
10110011010010110100110010110011
10110011010010110100110010110100
10110011010011001011001101001011
10110011010011001011010010110011
10110100101100110100101101001100
10110100101100110100110010110011
10110100110010110011010011001011
10110100110010110100101100110100
11001011001101001011010011001011
11001011001101001100101101001011
11001011010010110011010010110100
11001011010010110011010011001011
11001101001011010011001011001101
11001101001011010011001011010010
11001101001100101100110100101101
11001101001100101101001011001101
11010010110011010010110100110010
11010010110011010011001011001101
11010010110100110010110011010011
11010010110100110010110100101100
11010011001011001101001011010011
11010011001011001101001100101101
11010011001011010010110011010010
11010011001011010010110011010011
100101100110100101101001100101100
100101100110100101101001100101101
100101100110100110010110011010010
100101100110100110010110100101100
100101101001011001101001011010011
100101101001011001101001100101100
100101101001100101100110100110010
100101101001100101101001011001101
100110010110011010010110100110010
100110010110011010011001011010010
100110010110100101100110100101101
100110010110100101100110100110010
100110100101101001100101100110100
100110100101101001100101101001011
100110100110010110011010010110100
100110100110010110100101100110100
101001011001101001011010011001011
101001011001101001100101100110100
101001011010011001011001101001100
101001011010011001011010010110011
101001100101100110100101101001100
101001100101100110100110010110100
101001100101101001011001101001011
101001100101101001011001101001100
101100110100101101001100101100110
101100110100101101001100101101001
101100110100110010110011010010110
101100110100110010110100101100110
101101001011001101001011010011001
101101001011001101001100101100110
101101001100101100110100110010110
101101001100101101001011001101001
110010110011010010110100110010110
110010110011010011001011010010110
110010110100101100110100101101001
110010110100101100110100110010110
110011010010110100110010110011010
110011010010110100110010110100101
110011010011001011001101001011010
110011010011001011010010110011010
110100101100110100101101001100101
110100101100110100110010110011010
110100101101001100101100110100110
110100101101001100101101001011001
110100110010110011010010110100110
110100110010110011010011001011010
110100110010110100101100110100101
110100110010110100101100110100110
1001011001101001011010011001011001
1001011001101001011010011001011010
1001011001101001100101100110100101
1001011001101001100101101001011001
1001011010010110011010010110100110
1001011010010110011010011001011001
1001011010011001011001101001100101
1001011010011001011010010110011010
1001100101100110100101101001100101
1001100101100110100110010110100101
1001100101101001011001101001011010
1001100101101001011001101001100101
1001101001011010011001011001101001
1001101001011010011001011010010110
1001101001100101100110100101101001
1001101001100101101001011001101001
1010010110011010010110100110010110
1010010110011010011001011001101001
1010010110100110010110011010011001
1010010110100110010110100101100110
1010011001011001101001011010011001
1010011001011001101001100101101001
1010011001011010010110011010010110
1010011001011010010110011010011001
1011001101001011010011001011001101
1011001101001011010011001011010010
1011001101001100101100110100101101
1011001101001100101101001011001101
1011010010110011010010110100110010
1011010010110011010011001011001101
1011010011001011001101001100101101
1011010011001011010010110011010010
1011010011001011010010110011010011
1100101100110100101101001100101100
1100101100110100101101001100101101
1100101100110100110010110100101100
1100101101001011001101001011010011
1100101101001011001101001100101100
1100110100101101001100101100110100
1100110100101101001100101101001011
1100110100110010110011010010110100
1100110100110010110100101100110100
1101001011001101001011010011001011
1101001011001101001100101100110100
1101001011010011001011001101001100
1101001011010011001011010010110011
1101001100101100110100101101001100
1101001100101100110100110010110100
1101001100101101001011001101001011
1101001100101101001011001101001100
10010110011010010110100110010110011
10010110011010010110100110010110100
10010110011010011001011001101001011
10010110011010011001011010010110011
10010110100101100110100101101001100
10010110100101100110100110010110011
10010110100110010110011010011001011
10010110100110010110100101100110100
10011001011001101001011010011001011
10011001011001101001100101101001011
10011001011010010110011010010110100
10011001011010010110011010011001011
10011010010110100110010110011010011
10011010010110100110010110100101100
10011010011001011001101001011010011
10011010011001011010010110011010010
10011010011001011010010110011010011
10100101100110100101101001100101100
10100101100110100101101001100101101
10100101100110100110010110011010010
10100101101001100101100110100110010
10100101101001100101101001011001101
10100110010110011010010110100110010
10100110010110011010011001011010010
10100110010110100101100110100101101
10100110010110100101100110100110010
10110011010010110100110010110011010
10110011010010110100110010110100101
10110011010011001011001101001011010
10110011010011001011010010110011010
10110100101100110100101101001100101
10110100101100110100110010110011010
10110100110010110011010011001011010
10110100110010110100101100110100101
10110100110010110100101100110100110
11001011001101001011010011001011001
11001011001101001011010011001011010
11001011001101001100101101001011001
11001011010010110011010010110100110
11001011010010110011010011001011001
11001101001011010011001011001101001
11001101001011010011001011010010110
11001101001100101100110100101101001
11001101001100101101001011001101001
11010010110011010010110100110010110
11010010110011010011001011001101001
11010010110100110010110011010011001
11010010110100110010110100101100110
11010011001011001101001011010011001
11010011001011001101001100101101001
11010011001011010010110011010010110
11010011001011010010110011010011001
100101100110100101101001100101100110
100101100110100101101001100101101001
100101100110100110010110011010010110
100101100110100110010110100101100110
100101101001011001101001011010011001
100101101001011001101001100101100110
100101101001100101100110100110010110
100101101001100101101001011001101001
100110010110011010010110100110010110
100110010110011010011001011010010110
100110010110100101100110100101101001
100110010110100101100110100110010110
100110100101101001100101100110100110
100110100101101001100101101001011001
100110100110010110011010010110100110
100110100110010110100101100110100101
100110100110010110100101100110100110
101001011001101001011010011001011001
101001011001101001011010011001011010
101001011001101001100101100110100101
101001011010011001011001101001100101
101001011010011001011010010110011010
101001100101100110100101101001100101
101001100101100110100110010110100101
101001100101101001011001101001011010
101001100101101001011001101001100101
101100110100101101001100101100110100
101100110100101101001100101101001011
101100110100110010110011010010110100
101100110100110010110100101100110100
101101001011001101001011010011001011
101101001011001101001100101100110100
101101001100101100110100110010110100
101101001100101101001011001101001011
101101001100101101001011001101001100
110010110011010010110100110010110011
110010110011010010110100110010110100
110010110011010011001011010010110011
110010110100101100110100101101001100
110010110100101100110100110010110011
110011010010110100110010110011010011
110011010010110100110010110100101100
110011010011001011001101001011010011
110011010011001011010010110011010010
110011010011001011010010110011010011
110100101100110100101101001100101100
110100101100110100101101001100101101
110100101100110100110010110011010010
110100101101001100101100110100110010
110100101101001100101101001011001101
110100110010110011010010110100110010
110100110010110011010011001011010010
110100110010110100101100110100101101
110100110010110100101100110100110010
1001011001101001011010011001011001101
1001011001101001011010011001011010010
1001011001101001100101100110100101101
1001011001101001100101101001011001101
1001011010010110011010010110100110010
1001011010010110011010011001011001101
1001011010011001011001101001100101101
1001011010011001011010010110011010010
1001011010011001011010010110011010011
1001100101100110100101101001100101100
1001100101100110100101101001100101101
1001100101100110100110010110100101100
1001100101101001011001101001011010011
1001100101101001011001101001100101100
1001101001011010011001011001101001100
1001101001011010011001011010010110011
1001101001100101100110100101101001100
1001101001100101101001011001101001011
1001101001100101101001011001101001100
1010010110011010010110100110010110011
1010010110011010010110100110010110100
1010010110011010011001011001101001011
1010010110100110010110011010011001011
1010010110100110010110100101100110100
1010011001011001101001011010011001011
1010011001011001101001100101101001011
1010011001011010010110011010010110100
1010011001011010010110011010011001011
1011001101001011010011001011001101001
1011001101001011010011001011010010110
1011001101001100101100110100101101001
1011001101001100101101001011001101001
1011010010110011010010110100110010110
1011010010110011010011001011001101001
1011010011001011001101001100101101001
1011010011001011010010110011010010110
1011010011001011010010110011010011001
1100101100110100101101001100101100110
1100101100110100101101001100101101001
1100101100110100110010110100101100110
1100101101001011001101001011010011001
1100101101001011001101001100101100110
1100110100101101001100101100110100110
1100110100101101001100101101001011001
1100110100110010110011010010110100110
1100110100110010110100101100110100101
1100110100110010110100101100110100110
1101001011001101001011010011001011001
1101001011001101001011010011001011010
1101001011001101001100101100110100101
1101001011010011001011001101001100101
1101001011010011001011010010110011010
1101001100101100110100101101001100101
1101001100101100110100110010110100101
1101001100101101001011001101001011010
1101001100101101001011001101001100101
10010110011010010110100110010110011010
10010110011010010110100110010110100101
10010110011010011001011001101001011010
10010110011010011001011010010110011010
10010110100101100110100101101001100101
10010110100101100110100110010110011010
10010110100110010110011010011001011010
10010110100110010110100101100110100101
10010110100110010110100101100110100110
10011001011001101001011010011001011001
10011001011001101001011010011001011010
10011001011001101001100101101001011001
10011001011010010110011010010110100110
10011001011010010110011010011001011001
10011010010110100110010110011010011001
10011010010110100110010110100101100110
10011010011001011001101001011010011001
10011010011001011010010110011010010110
10011010011001011010010110011010011001
10100101100110100101101001100101100110
10100101100110100101101001100101101001
10100101100110100110010110011010010110
10100101101001100101100110100110010110
10100101101001100101101001011001101001
10100110010110011010010110100110010110
10100110010110011010011001011010010110
10100110010110100101100110100101101001
10100110010110100101100110100110010110
10110011010010110100110010110011010011
10110011010010110100110010110100101100
10110011010011001011001101001011010011
10110011010011001011010010110011010010
10110011010011001011010010110011010011
10110100101100110100101101001100101100
10110100101100110100101101001100101101
10110100101100110100110010110011010010
10110100110010110011010011001011010010
10110100110010110100101100110100101101
10110100110010110100101100110100110010
11001011001101001011010011001011001101
11001011001101001011010011001011010010
11001011001101001100101101001011001101
11001011010010110011010010110100110010
11001011010010110011010011001011001101
11001101001011010011001011001101001100
11001101001011010011001011010010110011
11001101001100101100110100101101001100
11001101001100101101001011001101001011
11001101001100101101001011001101001100
11010010110011010010110100110010110011
11010010110011010010110100110010110100
11010010110011010011001011001101001011
11010010110100110010110011010011001011
11010010110100110010110100101100110100
11010011001011001101001011010011001011
11010011001011001101001100101101001011
11010011001011010010110011010010110100
11010011001011010010110011010011001011
100101100110100101101001100101100110100
100101100110100101101001100101101001011
100101100110100110010110011010010110100
100101100110100110010110100101100110100
100101101001011001101001011010011001011
100101101001011001101001100101100110100
100101101001100101100110100110010110100
100101101001100101101001011001101001011
100101101001100101101001011001101001100
100110010110011010010110100110010110011
100110010110011010010110100110010110100
100110010110011010011001011010010110011
100110010110100101100110100101101001100
100110010110100101100110100110010110011
100110100101101001100101100110100110010
100110100101101001100101101001011001101
100110100110010110011010010110100110010
100110100110010110100101100110100101101
100110100110010110100101100110100110010
101001011001101001011010011001011001101
101001011001101001011010011001011010010
101001011001101001100101100110100101101
101001011010011001011001101001100101101
101001011010011001011010010110011010010
101001011010011001011010010110011010011
101001100101100110100101101001100101100
101001100101100110100101101001100101101
101001100101100110100110010110100101100
101001100101101001011001101001011010011
101001100101101001011001101001100101100
101100110100101101001100101100110100110
101100110100101101001100101101001011001
101100110100110010110011010010110100110
101100110100110010110100101100110100101
101100110100110010110100101100110100110
101101001011001101001011010011001011001
101101001011001101001011010011001011010
101101001011001101001100101100110100101
101101001100101100110100110010110100101
101101001100101101001011001101001011010
101101001100101101001011001101001100101
110010110011010010110100110010110011010
110010110011010010110100110010110100101
110010110011010011001011010010110011010
110010110100101100110100101101001100101
110010110100101100110100110010110011010
110011010010110100110010110011010011001
110011010010110100110010110100101100110
110011010011001011001101001011010011001
110011010011001011010010110011010010110
110011010011001011010010110011010011001
110100101100110100101101001100101100110
110100101100110100101101001100101101001
110100101100110100110010110011010010110
110100101101001100101100110100110010110
110100101101001100101101001011001101001
110100110010110011010010110100110010110
110100110010110011010011001011010010110
110100110010110100101100110100101101001
110100110010110100101100110100110010110
1001011001101001011010011001011001101001
1001011001101001011010011001011010010110
1001011001101001100101100110100101101001
1001011001101001100101101001011001101001
1001011010010110011010010110100110010110
1001011010010110011010011001011001101001
1001011010011001011001101001100101101001
1001011010011001011010010110011010010110
1001011010011001011010010110011010011001
1001100101100110100101101001100101100110
1001100101100110100101101001100101101001
1001100101100110100110010110100101100110
1001100101101001011001101001011010011001
1001100101101001011001101001100101100110
1001101001011010011001011001101001100101
1001101001011010011001011010010110011010
1001101001100101100110100101101001100101
1001101001100101101001011001101001011010
1001101001100101101001011001101001100101
1010010110011010010110100110010110011010
1010010110011010010110100110010110100101
1010010110011010011001011001101001011010
1010010110100110010110011010011001011010
1010010110100110010110100101100110100101
1010010110100110010110100101100110100110
1010011001011001101001011010011001011001
1010011001011001101001011010011001011010
1010011001011001101001100101101001011001
1010011001011010010110011010010110100110
1010011001011010010110011010011001011001
1011001101001011010011001011001101001100
1011001101001011010011001011010010110011
1011001101001100101100110100101101001100
1011001101001100101101001011001101001011
1011001101001100101101001011001101001100
1011010010110011010010110100110010110011
1011010010110011010010110100110010110100
1011010010110011010011001011001101001011
1011010011001011001101001100101101001011
1011010011001011010010110011010010110100
1011010011001011010010110011010011001011
1100101100110100101101001100101100110100
1100101100110100101101001100101101001011
1100101100110100110010110100101100110100
1100101101001011001101001011010011001011
1100101101001011001101001100101100110100
1100110100101101001100101100110100110010
1100110100101101001100101101001011001101
1100110100110010110011010010110100110010
1100110100110010110100101100110100101101
1100110100110010110100101100110100110010
1101001011001101001011010011001011001101
1101001011001101001011010011001011010010
1101001011001101001100101100110100101101
1101001011010011001011001101001100101101
1101001011010011001011010010110011010010
1101001011010011001011010010110011010011
1101001100101100110100101101001100101100
1101001100101100110100101101001100101101
1101001100101100110100110010110100101100
1101001100101101001011001101001011010011
1101001100101101001011001101001100101100
10010110011010010110100110010110011010011
10010110011010010110100110010110100101100
10010110011010011001011001101001011010011
10010110011010011001011010010110011010010
10010110011010011001011010010110011010011
10010110100101100110100101101001100101100
10010110100101100110100101101001100101101
10010110100101100110100110010110011010010
10010110100110010110011010011001011010010
10010110100110010110100101100110100101101
10010110100110010110100101100110100110010
10011001011001101001011010011001011001101
10011001011001101001011010011001011010010
10011001011001101001100101101001011001101
10011001011010010110011010010110100110010
10011001011010010110011010011001011001101
10011010010110100110010110011010011001011
10011010010110100110010110100101100110100
10011010011001011001101001011010011001011
10011010011001011010010110011010010110100
10011010011001011010010110011010011001011
10100101100110100101101001100101100110100
10100101100110100101101001100101101001011
10100101100110100110010110011010010110100
10100101101001100101100110100110010110100
10100101101001100101101001011001101001011
10100101101001100101101001011001101001100
10100110010110011010010110100110010110011
10100110010110011010010110100110010110100
10100110010110011010011001011010010110011
10100110010110100101100110100101101001100
10100110010110100101100110100110010110011
10110011010010110100110010110011010011001
10110011010010110100110010110100101100110
10110011010011001011001101001011010011001
10110011010011001011010010110011010010110
10110011010011001011010010110011010011001
10110100101100110100101101001100101100110
10110100101100110100101101001100101101001
10110100101100110100110010110011010010110
10110100110010110011010011001011010010110
10110100110010110100101100110100101101001
10110100110010110100101100110100110010110
11001011001101001011010011001011001101001
11001011001101001011010011001011010010110
11001011001101001100101101001011001101001
11001011010010110011010010110100110010110
11001011010010110011010011001011001101001
11001101001011010011001011001101001100101
11001101001011010011001011010010110011010
11001101001100101100110100101101001100101
11001101001100101101001011001101001011010
11001101001100101101001011001101001100101
11010010110011010010110100110010110011010
11010010110011010010110100110010110100101
11010010110011010011001011001101001011010
11010010110100110010110011010011001011010
11010010110100110010110100101100110100101
11010010110100110010110100101100110100110
11010011001011001101001011010011001011001
11010011001011001101001011010011001011010
11010011001011001101001100101101001011001
11010011001011010010110011010010110100110
11010011001011010010110011010011001011001
100101100110100101101001100101100110100110
100101100110100101101001100101101001011001
100101100110100110010110011010010110100110
100101100110100110010110100101100110100101
100101100110100110010110100101100110100110
100101101001011001101001011010011001011001
100101101001011001101001011010011001011010
100101101001011001101001100101100110100101
100101101001100101100110100110010110100101
100101101001100101101001011001101001011010
100101101001100101101001011001101001100101
100110010110011010010110100110010110011010
100110010110011010010110100110010110100101
100110010110011010011001011010010110011010
100110010110100101100110100101101001100101
100110010110100101100110100110010110011010
100110100101101001100101100110100110010110
100110100101101001100101101001011001101001
100110100110010110011010010110100110010110
100110100110010110100101100110100101101001
100110100110010110100101100110100110010110
101001011001101001011010011001011001101001
101001011001101001011010011001011010010110
101001011001101001100101100110100101101001
101001011010011001011001101001100101101001
101001011010011001011010010110011010010110
101001011010011001011010010110011010011001
101001100101100110100101101001100101100110
101001100101100110100101101001100101101001
101001100101100110100110010110100101100110
101001100101101001011001101001011010011001
101001100101101001011001101001100101100110
101100110100101101001100101100110100110010
101100110100101101001100101101001011001101
101100110100110010110011010010110100110010
101100110100110010110100101100110100101101
101100110100110010110100101100110100110010
101101001011001101001011010011001011001101
101101001011001101001011010011001011010010
101101001011001101001100101100110100101101
101101001100101100110100110010110100101100
101101001100101101001011001101001011010011
101101001100101101001011001101001100101100
110010110011010010110100110010110011010011
110010110011010010110100110010110100101100
110010110011010011001011010010110011010010
110010110011010011001011010010110011010011
110010110100101100110100101101001100101100
110010110100101100110100101101001100101101
110010110100101100110100110010110011010010
110011010010110100110010110011010011001011
110011010010110100110010110100101100110100
110011010011001011001101001011010011001011
110011010011001011010010110011010010110100
110011010011001011010010110011010011001011
110100101100110100101101001100101100110100
110100101100110100101101001100101101001011
110100101100110100110010110011010010110100
110100101101001100101100110100110010110100
110100101101001100101101001011001101001011
110100101101001100101101001011001101001100
110100110010110011010010110100110010110011
110100110010110011010010110100110010110100
110100110010110011010011001011010010110011
110100110010110100101100110100101101001100
110100110010110100101100110100110010110011
1001011001101001011010011001011001101001100
1001011001101001011010011001011010010110011
1001011001101001100101100110100101101001100
1001011001101001100101101001011001101001011
1001011001101001100101101001011001101001100
1001011010010110011010010110100110010110011
1001011010010110011010010110100110010110100
1001011010010110011010011001011001101001011
1001011010011001011001101001100101101001011
1001011010011001011010010110011010010110100
1001011010011001011010010110011010011001011
1001100101100110100101101001100101100110100
1001100101100110100101101001100101101001011
1001100101100110100110010110100101100110100
1001100101101001011001101001011010011001011
1001100101101001011001101001100101100110100
1001101001011010011001011001101001100101101
1001101001011010011001011010010110011010010
1001101001011010011001011010010110011010011
1001101001100101100110100101101001100101100
1001101001100101100110100101101001100101101
1001101001100101101001011001101001011010011
1001101001100101101001011001101001100101100
1010010110011010010110100110010110011010011
1010010110011010010110100110010110100101100
1010010110011010011001011001101001011010011
1010010110100110010110011010011001011010010
1010010110100110010110100101100110100101101
1010010110100110010110100101100110100110010
1010011001011001101001011010011001011001101
1010011001011001101001011010011001011010010
1010011001011001101001100101101001011001101
1010011001011010010110011010010110100110010
1010011001011010010110011010011001011001101
1011001101001011010011001011001101001100101
1011001101001011010011001011010010110011010
1011001101001100101100110100101101001100101
1011001101001100101101001011001101001011010
1011001101001100101101001011001101001100101
1011010010110011010010110100110010110011010
1011010010110011010010110100110010110100101
1011010010110011010011001011001101001011010
1011010011001011001101001100101101001011001
1011010011001011010010110011010010110100110
1011010011001011010010110011010011001011001
1100101100110100101101001100101100110100110
1100101100110100101101001100101101001011001
1100101100110100110010110100101100110100101
1100101100110100110010110100101100110100110
1100101101001011001101001011010011001011001
1100101101001011001101001011010011001011010
1100101101001011001101001100101100110100101
1100110100101101001100101100110100110010110
1100110100101101001100101101001011001101001
1100110100110010110011010010110100110010110
1100110100110010110100101100110100101101001
1100110100110010110100101100110100110010110
1101001011001101001011010011001011001101001
1101001011001101001011010011001011010010110
1101001011001101001100101100110100101101001
1101001011010011001011001101001100101101001
1101001011010011001011010010110011010010110
1101001011010011001011010010110011010011001
1101001100101100110100101101001100101100110
1101001100101100110100101101001100101101001
1101001100101100110100110010110100101100110
1101001100101101001011001101001011010011001
1101001100101101001011001101001100101100110
10010110011010010110100110010110011010011001
10010110011010010110100110010110100101100110
10010110011010011001011001101001011010011001
10010110011010011001011010010110011010010110
10010110011010011001011010010110011010011001
10010110100101100110100101101001100101100110
10010110100101100110100101101001100101101001
10010110100101100110100110010110011010010110
10010110100110010110011010011001011010010110
10010110100110010110100101100110100101101001
10010110100110010110100101100110100110010110
10011001011001101001011010011001011001101001
10011001011001101001011010011001011010010110
10011001011001101001100101101001011001101001
10011001011010010110011010010110100110010110
10011001011010010110011010011001011001101001
10011010010110100110010110011010011001011010
10011010010110100110010110100101100110100101
10011010010110100110010110100101100110100110
10011010011001011001101001011010011001011001
10011010011001011001101001011010011001011010
10011010011001011010010110011010010110100110
10011010011001011010010110011010011001011001
10100101100110100101101001100101100110100110
10100101100110100101101001100101101001011001
10100101100110100110010110011010010110100110
10100101101001100101100110100110010110100101
10100101101001100101101001011001101001011010
10100101101001100101101001011001101001100101
10100110010110011010010110100110010110011010
10100110010110011010010110100110010110100101
10100110010110011010011001011010010110011010
10100110010110100101100110100101101001100101
10100110010110100101100110100110010110011010
10110011010010110100110010110011010011001011
10110011010010110100110010110100101100110100
10110011010011001011001101001011010011001011
10110011010011001011010010110011010010110100
10110011010011001011010010110011010011001011
10110100101100110100101101001100101100110100
10110100101100110100101101001100101101001011
10110100101100110100110010110011010010110100
10110100110010110011010011001011010010110011
10110100110010110100101100110100101101001100
10110100110010110100101100110100110010110011
11001011001101001011010011001011001101001100
11001011001101001011010011001011010010110011
11001011001101001100101101001011001101001011
11001011001101001100101101001011001101001100
11001011010010110011010010110100110010110011
11001011010010110011010010110100110010110100
11001011010010110011010011001011001101001011
11001101001011010011001011001101001100101101
11001101001011010011001011010010110011010010
11001101001011010011001011010010110011010011
11001101001100101100110100101101001100101100
11001101001100101100110100101101001100101101
11001101001100101101001011001101001011010011
11001101001100101101001011001101001100101100
11010010110011010010110100110010110011010011
11010010110011010010110100110010110100101100
11010010110011010011001011001101001011010011
11010010110100110010110011010011001011010010
11010010110100110010110100101100110100101101
11010010110100110010110100101100110100110010
11010011001011001101001011010011001011001101
11010011001011001101001011010011001011010010
11010011001011001101001100101101001011001101
11010011001011010010110011010010110100110010
11010011001011010010110011010011001011001101
100101100110100101101001100101100110100110010
100101100110100101101001100101101001011001101
100101100110100110010110011010010110100110010
100101100110100110010110100101100110100101101
100101100110100110010110100101100110100110010
100101101001011001101001011010011001011001101
100101101001011001101001011010011001011010010
100101101001011001101001100101100110100101101
100101101001100101100110100110010110100101100
100101101001100101101001011001101001011010011
100101101001100101101001011001101001100101100
100110010110011010010110100110010110011010011
100110010110011010010110100110010110100101100
100110010110011010011001011010010110011010010
100110010110011010011001011010010110011010011
100110010110100101100110100101101001100101100
100110010110100101100110100101101001100101101
100110010110100101100110100110010110011010010
100110100101101001100101100110100110010110100
100110100101101001100101101001011001101001011
100110100101101001100101101001011001101001100
100110100110010110011010010110100110010110011
100110100110010110011010010110100110010110100
100110100110010110100101100110100101101001100
100110100110010110100101100110100110010110011
101001011001101001011010011001011001101001100
101001011001101001011010011001011010010110011
101001011001101001100101100110100101101001100
101001011010011001011001101001100101101001011
101001011010011001011010010110011010010110100
101001011010011001011010010110011010011001011
101001100101100110100101101001100101100110100
101001100101100110100101101001100101101001011
101001100101100110100110010110100101100110100
101001100101101001011001101001011010011001011
101001100101101001011001101001100101100110100
101100110100101101001100101100110100110010110
101100110100101101001100101101001011001101001
101100110100110010110011010010110100110010110
101100110100110010110100101100110100101101001
101100110100110010110100101100110100110010110
101101001011001101001011010011001011001101001
101101001011001101001011010011001011010010110
101101001011001101001100101100110100101101001
101101001100101100110100110010110100101100110
101101001100101101001011001101001011010011001
101101001100101101001011001101001100101100110
110010110011010010110100110010110011010011001
110010110011010010110100110010110100101100110
110010110011010011001011010010110011010010110
110010110011010011001011010010110011010011001
110010110100101100110100101101001100101100110
110010110100101100110100101101001100101101001
110010110100101100110100110010110011010010110
110011010010110100110010110011010011001011010
110011010010110100110010110100101100110100101
110011010010110100110010110100101100110100110
110011010011001011001101001011010011001011001
110011010011001011001101001011010011001011010
110011010011001011010010110011010010110100110
110011010011001011010010110011010011001011001
110100101100110100101101001100101100110100110
110100101100110100101101001100101101001011001
110100101100110100110010110011010010110100110
110100101101001100101100110100110010110100101
110100101101001100101101001011001101001011010
110100101101001100101101001011001101001100101
110100110010110011010010110100110010110011010
110100110010110011010010110100110010110100101
110100110010110011010011001011010010110011010
110100110010110100101100110100101101001100101
110100110010110100101100110100110010110011010
1001011001101001011010011001011001101001100101
1001011001101001011010011001011010010110011010
1001011001101001100101100110100101101001100101
1001011001101001100101101001011001101001011010
1001011001101001100101101001011001101001100101
1001011010010110011010010110100110010110011010
1001011010010110011010010110100110010110100101
1001011010010110011010011001011001101001011010
1001011010011001011001101001100101101001011001
1001011010011001011010010110011010010110100110
1001011010011001011010010110011010011001011001
1001100101100110100101101001100101100110100110
1001100101100110100101101001100101101001011001
1001100101100110100110010110100101100110100101
1001100101100110100110010110100101100110100110
1001100101101001011001101001011010011001011001
1001100101101001011001101001011010011001011010
1001100101101001011001101001100101100110100101
1001101001011010011001011001101001100101101001
1001101001011010011001011010010110011010010110
1001101001011010011001011010010110011010011001
1001101001100101100110100101101001100101100110
1001101001100101100110100101101001100101101001
1001101001100101101001011001101001011010011001
1001101001100101101001011001101001100101100110
1010010110011010010110100110010110011010011001
1010010110011010010110100110010110100101100110
1010010110011010011001011001101001011010011001
1010010110100110010110011010011001011010010110
1010010110100110010110100101100110100101101001
1010010110100110010110100101100110100110010110
1010011001011001101001011010011001011001101001
1010011001011001101001011010011001011010010110
1010011001011001101001100101101001011001101001
1010011001011010010110011010010110100110010110
1010011001011010010110011010011001011001101001
1011001101001011010011001011001101001100101101
1011001101001011010011001011010010110011010010
1011001101001011010011001011010010110011010011
1011001101001100101100110100101101001100101100
1011001101001100101100110100101101001100101101
1011001101001100101101001011001101001011010011
1011001101001100101101001011001101001100101100
1011010010110011010010110100110010110011010011
1011010010110011010010110100110010110100101100
1011010010110011010011001011001101001011010011
1011010011001011001101001100101101001011001101
1011010011001011010010110011010010110100110010
1011010011001011010010110011010011001011001101
1100101100110100101101001100101100110100110010
1100101100110100101101001100101101001011001101
1100101100110100110010110100101100110100101101
1100101100110100110010110100101100110100110010
1100101101001011001101001011010011001011001101
1100101101001011001101001011010011001011010010
1100101101001011001101001100101100110100101101
1100110100101101001100101100110100110010110100
1100110100101101001100101101001011001101001011
1100110100101101001100101101001011001101001100
1100110100110010110011010010110100110010110011
1100110100110010110011010010110100110010110100
1100110100110010110100101100110100101101001100
1100110100110010110100101100110100110010110011
1101001011001101001011010011001011001101001100
1101001011001101001011010011001011010010110011
1101001011001101001100101100110100101101001100
1101001011010011001011001101001100101101001011
1101001011010011001011010010110011010010110100
1101001011010011001011010010110011010011001011
1101001100101100110100101101001100101100110100
1101001100101100110100101101001100101101001011
1101001100101100110100110010110100101100110100
1101001100101101001011001101001011010011001011
1101001100101101001011001101001100101100110100
10010110011010010110100110010110011010011001011
10010110011010010110100110010110100101100110100
10010110011010011001011001101001011010011001011
10010110011010011001011010010110011010010110100
10010110011010011001011010010110011010011001011
10010110100101100110100101101001100101100110100
10010110100101100110100101101001100101101001011
10010110100101100110100110010110011010010110100
10010110100110010110011010011001011010010110011
10010110100110010110100101100110100101101001100
10010110100110010110100101100110100110010110011
10011001011001101001011010011001011001101001100
10011001011001101001011010011001011010010110011
10011001011001101001100101101001011001101001011
10011001011001101001100101101001011001101001100
10011001011010010110011010010110100110010110011
10011001011010010110011010010110100110010110100
10011001011010010110011010011001011001101001011
10011010010110100110010110011010011001011010010
10011010010110100110010110100101100110100101101
10011010010110100110010110100101100110100110010
10011010011001011001101001011010011001011001101
10011010011001011001101001011010011001011010010
10011010011001011010010110011010010110100110010
10011010011001011010010110011010011001011001101
10100101100110100101101001100101100110100110010
10100101100110100101101001100101101001011001101
10100101100110100110010110011010010110100110010
10100101101001100101100110100110010110100101100
10100101101001100101101001011001101001011010011
10100101101001100101101001011001101001100101100
10100110010110011010010110100110010110011010011
10100110010110011010010110100110010110100101100
10100110010110011010011001011010010110011010010
10100110010110011010011001011010010110011010011
10100110010110100101100110100101101001100101100
10100110010110100101100110100101101001100101101
10100110010110100101100110100110010110011010010
10110011010010110100110010110011010011001011010
10110011010010110100110010110100101100110100101
10110011010010110100110010110100101100110100110
10110011010011001011001101001011010011001011001
10110011010011001011001101001011010011001011010
10110011010011001011010010110011010010110100110
10110011010011001011010010110011010011001011001
10110100101100110100101101001100101100110100110
10110100101100110100101101001100101101001011001
10110100101100110100110010110011010010110100110
10110100110010110011010011001011010010110011010
10110100110010110100101100110100101101001100101
10110100110010110100101100110100110010110011010
11001011001101001011010011001011001101001100101
11001011001101001011010011001011010010110011010
11001011001101001100101101001011001101001011010
11001011001101001100101101001011001101001100101
11001011010010110011010010110100110010110011010
11001011010010110011010010110100110010110100101
11001011010010110011010011001011001101001011010
11001101001011010011001011001101001100101101001
11001101001011010011001011010010110011010010110
11001101001011010011001011010010110011010011001
11001101001100101100110100101101001100101100110
11001101001100101100110100101101001100101101001
11001101001100101101001011001101001011010011001
11001101001100101101001011001101001100101100110
11010010110011010010110100110010110011010011001
11010010110011010010110100110010110100101100110
11010010110011010011001011001101001011010011001
11010010110100110010110011010011001011010010110
11010010110100110010110100101100110100101101001
11010010110100110010110100101100110100110010110
11010011001011001101001011010011001011001101001
11010011001011001101001011010011001011010010110
11010011001011001101001100101101001011001101001
11010011001011010010110011010010110100110010110
11010011001011010010110011010011001011001101001
100101100110100101101001100101100110100110010110
100101100110100101101001100101101001011001101001
100101100110100110010110011010010110100110010110
100101100110100110010110100101100110100101101001
100101100110100110010110100101100110100110010110
100101101001011001101001011010011001011001101001
100101101001011001101001011010011001011010010110
100101101001011001101001100101100110100101101001
100101101001100101100110100110010110100101100110
100101101001100101101001011001101001011010011001
100101101001100101101001011001101001100101100110
100110010110011010010110100110010110011010011001
100110010110011010010110100110010110100101100110
100110010110011010011001011010010110011010010110
100110010110011010011001011010010110011010011001
100110010110100101100110100101101001100101100110
100110010110100101100110100101101001100101101001
100110010110100101100110100110010110011010010110
100110100101101001100101100110100110010110100101
100110100101101001100101101001011001101001011010
100110100101101001100101101001011001101001100101
100110100110010110011010010110100110010110011010
100110100110010110011010010110100110010110100101
100110100110010110100101100110100101101001100101
100110100110010110100101100110100110010110011010
101001011001101001011010011001011001101001100101
101001011001101001011010011001011010010110011010
101001011001101001100101100110100101101001100101
101001011010011001011001101001100101101001011001
101001011010011001011010010110011010010110100110
101001011010011001011010010110011010011001011001
101001100101100110100101101001100101100110100110
101001100101100110100101101001100101101001011001
101001100101100110100110010110100101100110100101
101001100101100110100110010110100101100110100110
101001100101101001011001101001011010011001011001
101001100101101001011001101001011010011001011010
101001100101101001011001101001100101100110100101
101100110100101101001100101100110100110010110100
101100110100101101001100101101001011001101001011
101100110100101101001100101101001011001101001100
101100110100110010110011010010110100110010110011
101100110100110010110011010010110100110010110100
101100110100110010110100101100110100101101001100
101100110100110010110100101100110100110010110011
101101001011001101001011010011001011001101001100
101101001011001101001011010011001011010010110011
101101001011001101001100101100110100101101001100
101101001100101100110100110010110100101100110100
101101001100101101001011001101001011010011001011
101101001100101101001011001101001100101100110100
110010110011010010110100110010110011010011001011
110010110011010010110100110010110100101100110100
110010110011010011001011010010110011010010110100
110010110011010011001011010010110011010011001011
110010110100101100110100101101001100101100110100
110010110100101100110100101101001100101101001011
110010110100101100110100110010110011010010110100
110011010010110100110010110011010011001011010010
110011010010110100110010110100101100110100101101
110011010010110100110010110100101100110100110010
110011010011001011001101001011010011001011001101
110011010011001011001101001011010011001011010010
110011010011001011010010110011010010110100110010
110011010011001011010010110011010011001011001101
110100101100110100101101001100101100110100110010
110100101100110100101101001100101101001011001101
110100101100110100110010110011010010110100110010
110100101101001100101100110100110010110100101100
110100101101001100101101001011001101001011010011
110100101101001100101101001011001101001100101100
110100110010110011010010110100110010110011010011
110100110010110011010010110100110010110100101100
110100110010110011010011001011010010110011010010
110100110010110011010011001011010010110011010011
110100110010110100101100110100101101001100101100
110100110010110100101100110100101101001100101101
110100110010110100101100110100110010110011010010
1001011001101001011010011001011001101001100101101
1001011001101001011010011001011010010110011010010
1001011001101001011010011001011010010110011010011
1001011001101001100101100110100101101001100101100
1001011001101001100101100110100101101001100101101
1001011001101001100101101001011001101001011010011
1001011001101001100101101001011001101001100101100
1001011010010110011010010110100110010110011010011
1001011010010110011010010110100110010110100101100
1001011010010110011010011001011001101001011010011
1001011010011001011001101001100101101001011001101
1001011010011001011010010110011010010110100110010
1001011010011001011010010110011010011001011001101
1001100101100110100101101001100101100110100110010
1001100101100110100101101001100101101001011001101
1001100101100110100110010110100101100110100101101
1001100101100110100110010110100101100110100110010
1001100101101001011001101001011010011001011001101
1001100101101001011001101001011010011001011010010
1001100101101001011001101001100101100110100101101
1001101001011010011001011001101001100101101001011
1001101001011010011001011010010110011010010110100
1001101001011010011001011010010110011010011001011
1001101001100101100110100101101001100101100110100
1001101001100101100110100101101001100101101001011
1001101001100101101001011001101001011010011001011
1001101001100101101001011001101001100101100110100
1010010110011010010110100110010110011010011001011
1010010110011010010110100110010110100101100110100
1010010110011010011001011001101001011010011001011
1010010110100110010110011010011001011010010110011
1010010110100110010110100101100110100101101001100
1010010110100110010110100101100110100110010110011
1010011001011001101001011010011001011001101001100
1010011001011001101001011010011001011010010110011
1010011001011001101001100101101001011001101001011
1010011001011001101001100101101001011001101001100
1010011001011010010110011010010110100110010110011
1010011001011010010110011010010110100110010110100
1010011001011010010110011010011001011001101001011
1011001101001011010011001011001101001100101101001
1011001101001011010011001011010010110011010010110
1011001101001011010011001011010010110011010011001
1011001101001100101100110100101101001100101100110
1011001101001100101100110100101101001100101101001
1011001101001100101101001011001101001011010011001
1011001101001100101101001011001101001100101100110
1011010010110011010010110100110010110011010011001
1011010010110011010010110100110010110100101100110
1011010010110011010011001011001101001011010011001
1011010011001011001101001100101101001011001101001
1011010011001011010010110011010010110100110010110
1011010011001011010010110011010011001011001101001
1100101100110100101101001100101100110100110010110
1100101100110100101101001100101101001011001101001
1100101100110100110010110100101100110100101101001
1100101100110100110010110100101100110100110010110
1100101101001011001101001011010011001011001101001
1100101101001011001101001011010011001011010010110
1100101101001011001101001100101100110100101101001
1100110100101101001100101100110100110010110100101
1100110100101101001100101101001011001101001011010
1100110100101101001100101101001011001101001100101
1100110100110010110011010010110100110010110011010
1100110100110010110011010010110100110010110100101
1100110100110010110100101100110100101101001100101
1100110100110010110100101100110100110010110011010
1101001011001101001011010011001011001101001100101
1101001011001101001011010011001011010010110011010
1101001011001101001100101100110100101101001100101
1101001011010011001011001101001100101101001011001
1101001011010011001011010010110011010010110100110
1101001011010011001011010010110011010011001011001
1101001100101100110100101101001100101100110100110
1101001100101100110100101101001100101101001011001
1101001100101100110100110010110100101100110100101
1101001100101100110100110010110100101100110100110
1101001100101101001011001101001011010011001011001
1101001100101101001011001101001011010011001011010
1101001100101101001011001101001100101100110100101
10010110011010010110100110010110011010011001011010
10010110011010010110100110010110100101100110100101
10010110011010010110100110010110100101100110100110
10010110011010011001011001101001011010011001011001
10010110011010011001011001101001011010011001011010
10010110011010011001011010010110011010010110100110
10010110011010011001011010010110011010011001011001
10010110100101100110100101101001100101100110100110
10010110100101100110100101101001100101101001011001
10010110100101100110100110010110011010010110100110
10010110100110010110011010011001011010010110011010
10010110100110010110100101100110100101101001100101
10010110100110010110100101100110100110010110011010
10011001011001101001011010011001011001101001100101
10011001011001101001011010011001011010010110011010
10011001011001101001100101101001011001101001011010
10011001011001101001100101101001011001101001100101
10011001011010010110011010010110100110010110011010
10011001011010010110011010010110100110010110100101
10011001011010010110011010011001011001101001011010
10011010010110100110010110011010011001011010010110
10011010010110100110010110100101100110100101101001
10011010010110100110010110100101100110100110010110
10011010011001011001101001011010011001011001101001
10011010011001011001101001011010011001011010010110
10011010011001011010010110011010010110100110010110
10011010011001011010010110011010011001011001101001
10100101100110100101101001100101100110100110010110
10100101100110100101101001100101101001011001101001
10100101100110100110010110011010010110100110010110
10100101101001100101100110100110010110100101100110
10100101101001100101101001011001101001011010011001
10100101101001100101101001011001101001100101100110
10100110010110011010010110100110010110011010011001
10100110010110011010010110100110010110100101100110
10100110010110011010011001011010010110011010010110
10100110010110011010011001011010010110011010011001
10100110010110100101100110100101101001100101100110
10100110010110100101100110100101101001100101101001
10100110010110100101100110100110010110011010010110
10110011010010110100110010110011010011001011010010
10110011010010110100110010110100101100110100101101
10110011010010110100110010110100101100110100110010
10110011010011001011001101001011010011001011001101
10110011010011001011001101001011010011001011010010
10110011010011001011010010110011010010110100110010
10110011010011001011010010110011010011001011001101
10110100101100110100101101001100101100110100110010
10110100101100110100101101001100101101001011001101
10110100101100110100110010110011010010110100110010
10110100110010110011010011001011010010110011010010
10110100110010110011010011001011010010110011010011
10110100110010110100101100110100101101001100101100
10110100110010110100101100110100110010110011010010
11001011001101001011010011001011001101001100101101
11001011001101001011010011001011010010110011010010
11001011001101001100101101001011001101001011010011
11001011001101001100101101001011001101001100101100
11001011010010110011010010110100110010110011010011
11001011010010110011010010110100110010110100101100
11001011010010110011010011001011001101001011010011
11001101001011010011001011001101001100101101001011
11001101001011010011001011010010110011010010110100
11001101001011010011001011010010110011010011001011
11001101001100101100110100101101001100101100110100
11001101001100101100110100101101001100101101001011
11001101001100101101001011001101001011010011001011
11001101001100101101001011001101001100101100110100
11010010110011010010110100110010110011010011001011
11010010110011010010110100110010110100101100110100
11010010110011010011001011001101001011010011001011
11010010110100110010110011010011001011010010110011
11010010110100110010110100101100110100101101001100
11010010110100110010110100101100110100110010110011
11010011001011001101001011010011001011001101001100
11010011001011001101001011010011001011010010110011
11010011001011001101001100101101001011001101001011
11010011001011001101001100101101001011001101001100
11010011001011010010110011010010110100110010110011
11010011001011010010110011010010110100110010110100
11010011001011010010110011010011001011001101001011
100101100110100101101001100101100110100110010110100
100101100110100101101001100101101001011001101001011
100101100110100101101001100101101001011001101001100
100101100110100110010110011010010110100110010110011
100101100110100110010110011010010110100110010110100
100101100110100110010110100101100110100101101001100
100101100110100110010110100101100110100110010110011
100101101001011001101001011010011001011001101001100
100101101001011001101001011010011001011010010110011
100101101001011001101001100101100110100101101001100
100101101001100101100110100110010110100101100110100
100101101001100101101001011001101001011010011001011
100101101001100101101001011001101001100101100110100
100110010110011010010110100110010110011010011001011
100110010110011010010110100110010110100101100110100
100110010110011010011001011010010110011010010110100
100110010110011010011001011010010110011010011001011
100110010110100101100110100101101001100101100110100
100110010110100101100110100101101001100101101001011
100110010110100101100110100110010110011010010110100
100110100101101001100101100110100110010110100101100
100110100101101001100101101001011001101001011010011
100110100101101001100101101001011001101001100101100
100110100110010110011010010110100110010110011010011
100110100110010110011010010110100110010110100101100
100110100110010110100101100110100101101001100101101
100110100110010110100101100110100110010110011010010
101001011001101001011010011001011001101001100101101
101001011001101001011010011001011010010110011010011
101001011001101001100101100110100101101001100101100
101001011001101001100101100110100101101001100101101
101001011010011001011001101001100101101001011001101
101001011010011001011010010110011010010110100110010
101001011010011001011010010110011010011001011001101
101001100101100110100101101001100101100110100110010
101001100101100110100101101001100101101001011001101
101001100101100110100110010110100101100110100101101
101001100101100110100110010110100101100110100110010
101001100101101001011001101001011010011001011001101
101001100101101001011001101001011010011001011010010
101001100101101001011001101001100101100110100101101
101100110100101101001100101100110100110010110100101
101100110100101101001100101101001011001101001011010
101100110100101101001100101101001011001101001100101
101100110100110010110011010010110100110010110011010
101100110100110010110011010010110100110010110100101
101100110100110010110100101100110100101101001100101
101100110100110010110100101100110100110010110011010
101101001011001101001011010011001011001101001100101
101101001011001101001011010011001011010010110011010
101101001011001101001100101100110100101101001100101
101101001100101100110100110010110100101100110100101
101101001100101100110100110010110100101100110100110
101101001100101101001011001101001011010011001011001
101101001100101101001011001101001100101100110100101
110010110011010010110100110010110011010011001011010
110010110011010010110100110010110100101100110100101
110010110011010011001011010010110011010010110100110
110010110011010011001011010010110011010011001011001
110010110100101100110100101101001100101100110100110
110010110100101100110100101101001100101101001011001
110010110100101100110100110010110011010010110100110
110011010010110100110010110011010011001011010010110
110011010010110100110010110100101100110100101101001
110011010010110100110010110100101100110100110010110
110011010011001011001101001011010011001011001101001
110011010011001011001101001011010011001011010010110
110011010011001011010010110011010010110100110010110
110011010011001011010010110011010011001011001101001
110100101100110100101101001100101100110100110010110
110100101100110100101101001100101101001011001101001
110100101100110100110010110011010010110100110010110
110100101101001100101100110100110010110100101100110
110100101101001100101101001011001101001011010011001
110100101101001100101101001011001101001100101100110
110100110010110011010010110100110010110011010011001
110100110010110011010010110100110010110100101100110
110100110010110011010011001011010010110011010010110
110100110010110011010011001011010010110011010011001
110100110010110100101100110100101101001100101100110
110100110010110100101100110100101101001100101101001
110100110010110100101100110100110010110011010010110
1001011001101001011010011001011001101001100101101001
1001011001101001011010011001011010010110011010010110
1001011001101001011010011001011010010110011010011001
1001011001101001100101100110100101101001100101100110
1001011001101001100101100110100101101001100101101001
1001011001101001100101101001011001101001011010011001
1001011001101001100101101001011001101001100101100110
1001011010010110011010010110100110010110011010011001
1001011010010110011010010110100110010110100101100110
1001011010010110011010011001011001101001011010011001
1001011010011001011001101001100101101001011001101001
1001011010011001011010010110011010010110100110010110
1001011010011001011010010110011010011001011001101001
1001100101100110100101101001100101100110100110010110
1001100101100110100101101001100101101001011001101001
1001100101100110100110010110100101100110100101101001
1001100101100110100110010110100101100110100110010110
1001100101101001011001101001011010011001011001101001
1001100101101001011001101001011010011001011010010110
1001100101101001011001101001100101100110100101101001
1001101001011010011001011001101001100101101001011001
1001101001011010011001011010010110011010010110100110
1001101001011010011001011010010110011010011001011001
1001101001100101100110100101101001100101100110100110
1001101001100101100110100101101001100101101001011001
1001101001100101101001011001101001011010011001011010
1001101001100101101001011001101001100101100110100101
1010010110011010010110100110010110011010011001011010
1010010110011010010110100110010110100101100110100110
1010010110011010011001011001101001011010011001011001
1010010110011010011001011001101001011010011001011010
1010010110100110010110011010011001011010010110011010
1010010110100110010110100101100110100101101001100101
1010010110100110010110100101100110100110010110011010
1010011001011001101001011010011001011001101001100101
1010011001011001101001011010011001011010010110011010
1010011001011001101001100101101001011001101001011010
1010011001011001101001100101101001011001101001100101
1010011001011010010110011010010110100110010110011010
1010011001011010010110011010010110100110010110100101
1010011001011010010110011010011001011001101001011010
1011001101001011010011001011001101001100101101001011
1011001101001011010011001011010010110011010010110100
1011001101001011010011001011010010110011010011001011
1011001101001100101100110100101101001100101100110100
1011001101001100101100110100101101001100101101001011
1011001101001100101101001011001101001011010011001011
1011001101001100101101001011001101001100101100110100
1011010010110011010010110100110010110011010011001011
1011010010110011010010110100110010110100101100110100
1011010010110011010011001011001101001011010011001011
1011010011001011001101001100101101001011001101001011
1011010011001011001101001100101101001011001101001100
1011010011001011010010110011010010110100110010110011
1011010011001011010010110011010011001011001101001011
1100101100110100101101001100101100110100110010110100
1100101100110100101101001100101101001011001101001011
1100101100110100110010110100101100110100101101001100
1100101100110100110010110100101100110100110010110011
1100101101001011001101001011010011001011001101001100
1100101101001011001101001011010011001011010010110011
1100101101001011001101001100101100110100101101001100
1100110100101101001100101100110100110010110100101100
1100110100101101001100101101001011001101001011010011
1100110100101101001100101101001011001101001100101100
1100110100110010110011010010110100110010110011010011
1100110100110010110011010010110100110010110100101100
1100110100110010110100101100110100101101001100101101
1100110100110010110100101100110100110010110011010010
1101001011001101001011010011001011001101001100101101
1101001011001101001011010011001011010010110011010011
1101001011001101001100101100110100101101001100101100
1101001011001101001100101100110100101101001100101101
1101001011010011001011001101001100101101001011001101
1101001011010011001011010010110011010010110100110010
1101001011010011001011010010110011010011001011001101
1101001100101100110100101101001100101100110100110010
1101001100101100110100101101001100101101001011001101
1101001100101100110100110010110100101100110100101101
1101001100101100110100110010110100101100110100110010
1101001100101101001011001101001011010011001011001101
1101001100101101001011001101001011010011001011010010
1101001100101101001011001101001100101100110100101101
10010110011010010110100110010110011010011001011010010
10010110011010010110100110010110100101100110100101101
10010110011010010110100110010110100101100110100110010
10010110011010011001011001101001011010011001011001101
10010110011010011001011001101001011010011001011010010
10010110011010011001011010010110011010010110100110010
10010110011010011001011010010110011010011001011001101
10010110100101100110100101101001100101100110100110010
10010110100101100110100101101001100101101001011001101
10010110100101100110100110010110011010010110100110010
10010110100110010110011010011001011010010110011010010
10010110100110010110011010011001011010010110011010011
10010110100110010110100101100110100101101001100101100
10010110100110010110100101100110100110010110011010010
10011001011001101001011010011001011001101001100101101
10011001011001101001011010011001011010010110011010010
10011001011001101001100101101001011001101001011010011
10011001011001101001100101101001011001101001100101100
10011001011010010110011010010110100110010110011010011
10011001011010010110011010010110100110010110100101100
10011001011010010110011010011001011001101001011010011
10011010010110100110010110011010011001011010010110011
10011010010110100110010110100101100110100101101001100
10011010010110100110010110100101100110100110010110011
10011010011001011001101001011010011001011001101001100
10011010011001011001101001011010011001011010010110011
10011010011001011010010110011010010110100110010110100
10011010011001011010010110011010011001011001101001011
10100101100110100101101001100101100110100110010110100
10100101100110100101101001100101101001011001101001100
10100101100110100110010110011010010110100110010110011
10100101100110100110010110011010010110100110010110100
10100101101001100101100110100110010110100101100110100
10100101101001100101101001011001101001011010011001011
10100101101001100101101001011001101001100101100110100
10100110010110011010010110100110010110011010011001011
10100110010110011010010110100110010110100101100110100
10100110010110011010011001011010010110011010010110100
10100110010110011010011001011010010110011010011001011
10100110010110100101100110100101101001100101100110100
10100110010110100101100110100101101001100101101001011
10100110010110100101100110100110010110011010010110100
10110011010010110100110010110011010011001011010010110
10110011010010110100110010110100101100110100101101001
10110011010010110100110010110100101100110100110010110
10110011010011001011001101001011010011001011001101001
10110011010011001011001101001011010011001011010010110
10110011010011001011010010110011010010110100110010110
10110011010011001011010010110011010011001011001101001
10110100101100110100101101001100101100110100110010110
10110100101100110100101101001100101101001011001101001
10110100101100110100110010110011010010110100110010110
10110100110010110011010011001011010010110011010010110
10110100110010110011010011001011010010110011010011001
10110100110010110100101100110100101101001100101100110
10110100110010110100101100110100110010110011010010110
11001011001101001011010011001011001101001100101101001
11001011001101001011010011001011010010110011010010110
11001011001101001100101101001011001101001011010011001
11001011001101001100101101001011001101001100101100110
11001011010010110011010010110100110010110011010011001
11001011010010110011010010110100110010110100101100110
11001011010010110011010011001011001101001011010011001
11001101001011010011001011001101001100101101001011001
11001101001011010011001011010010110011010010110100110
11001101001011010011001011010010110011010011001011001
11001101001100101100110100101101001100101100110100110
11001101001100101100110100101101001100101101001011001
11001101001100101101001011001101001011010011001011010
11001101001100101101001011001101001100101100110100101
11010010110011010010110100110010110011010011001011010
11010010110011010010110100110010110100101100110100110
11010010110011010011001011001101001011010011001011001
11010010110011010011001011001101001011010011001011010
11010010110100110010110011010011001011010010110011010
11010010110100110010110100101100110100101101001100101
11010010110100110010110100101100110100110010110011010
11010011001011001101001011010011001011001101001100101
11010011001011001101001011010011001011010010110011010
11010011001011001101001100101101001011001101001011010
11010011001011001101001100101101001011001101001100101
11010011001011010010110011010010110100110010110011010
11010011001011010010110011010010110100110010110100101
11010011001011010010110011010011001011001101001011010
100101100110100101101001100101100110100110010110100101
100101100110100101101001100101101001011001101001011010
100101100110100101101001100101101001011001101001100101
100101100110100110010110011010010110100110010110011010
100101100110100110010110011010010110100110010110100101
100101100110100110010110100101100110100101101001100101
100101100110100110010110100101100110100110010110011010
100101101001011001101001011010011001011001101001100101
100101101001011001101001011010011001011010010110011010
100101101001011001101001100101100110100101101001100101
100101101001100101100110100110010110100101100110100101
100101101001100101100110100110010110100101100110100110
100101101001100101101001011001101001011010011001011001
100101101001100101101001011001101001100101100110100101
100110010110011010010110100110010110011010011001011010
100110010110011010010110100110010110100101100110100101
100110010110011010011001011010010110011010010110100110
100110010110011010011001011010010110011010011001011001
100110010110100101100110100101101001100101100110100110
100110010110100101100110100101101001100101101001011001
100110010110100101100110100110010110011010010110100110
100110100101101001100101100110100110010110100101100110
100110100101101001100101101001011001101001011010011001
100110100101101001100101101001011001101001100101100110
100110100110010110011010010110100110010110011010011001
100110100110010110011010010110100110010110100101100110
100110100110010110100101100110100101101001100101101001
100110100110010110100101100110100110010110011010010110
101001011001101001011010011001011001101001100101101001
101001011001101001011010011001011010010110011010011001
101001011001101001100101100110100101101001100101100110
101001011001101001100101100110100101101001100101101001
101001011010011001011001101001100101101001011001101001
101001011010011001011010010110011010010110100110010110
101001011010011001011010010110011010011001011001101001
101001100101100110100101101001100101100110100110010110
101001100101100110100101101001100101101001011001101001
101001100101100110100110010110100101100110100101101001
101001100101100110100110010110100101100110100110010110
101001100101101001011001101001011010011001011001101001
101001100101101001011001101001011010011001011010010110
101001100101101001011001101001100101100110100101101001
101100110100101101001100101100110100110010110100101100
101100110100101101001100101101001011001101001011010011
101100110100101101001100101101001011001101001100101100
101100110100110010110011010010110100110010110011010011
101100110100110010110011010010110100110010110100101100
101100110100110010110100101100110100101101001100101101
101100110100110010110100101100110100110010110011010010
101101001011001101001011010011001011001101001100101101
101101001011001101001011010011001011010010110011010011
101101001011001101001100101100110100101101001100101100
101101001011001101001100101100110100101101001100101101
101101001100101100110100110010110100101100110100101101
101101001100101100110100110010110100101100110100110010
101101001100101101001011001101001011010011001011001101
101101001100101101001011001101001100101100110100101101
110010110011010010110100110010110011010011001011010010
110010110011010010110100110010110100101100110100101101
110010110011010011001011010010110011010010110100110010
110010110011010011001011010010110011010011001011001101
110010110100101100110100101101001100101100110100110010
110010110100101100110100101101001100101101001011001101
110010110100101100110100110010110011010010110100110010
110011010010110100110010110011010011001011010010110011
110011010010110100110010110100101100110100101101001100
110011010010110100110010110100101100110100110010110011
110011010011001011001101001011010011001011001101001100
110011010011001011001101001011010011001011010010110011
110011010011001011010010110011010010110100110010110100
110011010011001011010010110011010011001011001101001011
110100101100110100101101001100101100110100110010110100
110100101100110100101101001100101101001011001101001100
110100101100110100110010110011010010110100110010110011
110100101100110100110010110011010010110100110010110100
110100101101001100101100110100110010110100101100110100
110100101101001100101101001011001101001011010011001011
110100101101001100101101001011001101001100101100110100
110100110010110011010010110100110010110011010011001011
110100110010110011010010110100110010110100101100110100
110100110010110011010011001011010010110011010010110100
110100110010110011010011001011010010110011010011001011
110100110010110100101100110100101101001100101100110100
110100110010110100101100110100101101001100101101001011
110100110010110100101100110100110010110011010010110100
1001011001101001011010011001011001101001100101101001011
1001011001101001011010011001011010010110011010010110100
1001011001101001011010011001011010010110011010011001011
1001011001101001100101100110100101101001100101100110100
1001011001101001100101100110100101101001100101101001011
1001011001101001100101101001011001101001011010011001011
1001011001101001100101101001011001101001100101100110100
1001011010010110011010010110100110010110011010011001011
1001011010010110011010010110100110010110100101100110100
1001011010010110011010011001011001101001011010011001011
1001011010011001011001101001100101101001011001101001011
1001011010011001011001101001100101101001011001101001100
1001011010011001011010010110011010010110100110010110011
1001011010011001011010010110011010011001011001101001011
1001100101100110100101101001100101100110100110010110100
1001100101100110100101101001100101101001011001101001011
1001100101100110100110010110100101100110100101101001100
1001100101100110100110010110100101100110100110010110011
1001100101101001011001101001011010011001011001101001100
1001100101101001011001101001011010011001011010010110011
1001100101101001011001101001100101100110100101101001100
1001101001011010011001011001101001100101101001011001101
1001101001011010011001011010010110011010010110100110010
1001101001011010011001011010010110011010011001011001101
1001101001100101100110100101101001100101100110100110010
1001101001100101100110100101101001100101101001011001101
1001101001100101101001011001101001011010011001011010010
1001101001100101101001011001101001100101100110100101101
1010010110011010010110100110010110011010011001011010010
1010010110011010010110100110010110100101100110100110010
1010010110011010011001011001101001011010011001011001101
1010010110011010011001011001101001011010011001011010010
1010010110100110010110011010011001011010010110011010010
1010010110100110010110011010011001011010010110011010011
1010010110100110010110100101100110100101101001100101100
1010010110100110010110100101100110100110010110011010010
1010011001011001101001011010011001011001101001100101101
1010011001011001101001011010011001011010010110011010010
1010011001011001101001100101101001011001101001011010011
1010011001011001101001100101101001011001101001100101100
1010011001011010010110011010010110100110010110011010011
1010011001011010010110011010010110100110010110100101100
1010011001011010010110011010011001011001101001011010011
1011001101001011010011001011001101001100101101001011001
1011001101001011010011001011010010110011010010110100110
1011001101001011010011001011010010110011010011001011001
1011001101001100101100110100101101001100101100110100110
1011001101001100101100110100101101001100101101001011001
1011001101001100101101001011001101001011010011001011010
1011001101001100101101001011001101001100101100110100101
1011010010110011010010110100110010110011010011001011010
1011010010110011010010110100110010110100101100110100110
1011010010110011010011001011001101001011010011001011001
1011010010110011010011001011001101001011010011001011010
1011010011001011001101001100101101001011001101001011010
1011010011001011001101001100101101001011001101001100101
1011010011001011010010110011010010110100110010110011010
1011010011001011010010110011010011001011001101001011010
1100101100110100101101001100101100110100110010110100101
1100101100110100101101001100101101001011001101001011010
1100101100110100110010110100101100110100101101001100101
1100101100110100110010110100101100110100110010110011010
1100101101001011001101001011010011001011001101001100101
1100101101001011001101001011010011001011010010110011010
1100101101001011001101001100101100110100101101001100101
1100110100101101001100101100110100110010110100101100110
1100110100101101001100101101001011001101001011010011001
1100110100101101001100101101001011001101001100101100110
1100110100110010110011010010110100110010110011010011001
1100110100110010110011010010110100110010110100101100110
1100110100110010110100101100110100101101001100101101001
1100110100110010110100101100110100110010110011010010110
1101001011001101001011010011001011001101001100101101001
1101001011001101001011010011001011010010110011010011001
1101001011001101001100101100110100101101001100101100110
1101001011001101001100101100110100101101001100101101001
1101001011010011001011001101001100101101001011001101001
1101001011010011001011010010110011010010110100110010110
1101001011010011001011010010110011010011001011001101001
1101001100101100110100101101001100101100110100110010110
1101001100101100110100101101001100101101001011001101001
1101001100101100110100110010110100101100110100101101001
1101001100101100110100110010110100101100110100110010110
1101001100101101001011001101001011010011001011001101001
1101001100101101001011001101001011010011001011010010110
1101001100101101001011001101001100101100110100101101001
10010110011010010110100110010110011010011001011010010110
10010110011010010110100110010110100101100110100101101001
10010110011010010110100110010110100101100110100110010110
10010110011010011001011001101001011010011001011001101001
10010110011010011001011001101001011010011001011010010110
10010110011010011001011010010110011010010110100110010110
10010110011010011001011010010110011010011001011001101001
10010110100101100110100101101001100101100110100110010110
10010110100101100110100101101001100101101001011001101001
10010110100101100110100110010110011010010110100110010110
10010110100110010110011010011001011010010110011010010110
10010110100110010110011010011001011010010110011010011001
10010110100110010110100101100110100101101001100101100110
10010110100110010110100101100110100110010110011010010110
10011001011001101001011010011001011001101001100101101001
10011001011001101001011010011001011010010110011010010110
10011001011001101001100101101001011001101001011010011001
10011001011001101001100101101001011001101001100101100110
10011001011010010110011010010110100110010110011010011001
10011001011010010110011010010110100110010110100101100110
10011001011010010110011010011001011001101001011010011001
10011010010110100110010110011010011001011010010110011010
10011010010110100110010110100101100110100101101001100101
10011010010110100110010110100101100110100110010110011010
10011010011001011001101001011010011001011001101001100101
10011010011001011001101001011010011001011010010110011010
10011010011001011010010110011010010110100110010110100101
10011010011001011010010110011010011001011001101001011010
10100101100110100101101001100101100110100110010110100101
10100101100110100101101001100101101001011001101001100101
10100101100110100110010110011010010110100110010110011010
10100101100110100110010110011010010110100110010110100101
10100101101001100101100110100110010110100101100110100101
10100101101001100101100110100110010110100101100110100110
10100101101001100101101001011001101001011010011001011001
10100101101001100101101001011001101001100101100110100101
10100110010110011010010110100110010110011010011001011010
10100110010110011010010110100110010110100101100110100101
10100110010110011010011001011010010110011010010110100110
10100110010110011010011001011010010110011010011001011001
10100110010110100101100110100101101001100101100110100110
10100110010110100101100110100101101001100101101001011001
10100110010110100101100110100110010110011010010110100110
10110011010010110100110010110011010011001011010010110011
10110011010010110100110010110100101100110100101101001100
10110011010010110100110010110100101100110100110010110011
10110011010011001011001101001011010011001011001101001100
10110011010011001011001101001011010011001011010010110011
10110011010011001011010010110011010010110100110010110100
10110011010011001011010010110011010011001011001101001011
10110100101100110100101101001100101100110100110010110100
10110100101100110100101101001100101101001011001101001100
10110100101100110100110010110011010010110100110010110011
10110100101100110100110010110011010010110100110010110100
10110100110010110011010011001011010010110011010010110100
10110100110010110011010011001011010010110011010011001011
10110100110010110100101100110100101101001100101100110100
10110100110010110100101100110100110010110011010010110100
11001011001101001011010011001011001101001100101101001011
11001011001101001011010011001011010010110011010010110100
11001011001101001100101101001011001101001011010011001011
11001011001101001100101101001011001101001100101100110100
11001011010010110011010010110100110010110011010011001011
11001011010010110011010010110100110010110100101100110100
11001011010010110011010011001011001101001011010011001011
11001101001011010011001011001101001100101101001011001101
11001101001011010011001011010010110011010010110100110010
11001101001011010011001011010010110011010011001011001101
11001101001100101100110100101101001100101100110100110010
11001101001100101100110100101101001100101101001011001101
11001101001100101101001011001101001011010011001011010010
11001101001100101101001011001101001100101100110100101101
11010010110011010010110100110010110011010011001011010010
11010010110011010010110100110010110100101100110100110010
11010010110011010011001011001101001011010011001011001101
11010010110011010011001011001101001011010011001011010010
11010010110100110010110011010011001011010010110011010010
11010010110100110010110011010011001011010010110011010011
11010010110100110010110100101100110100101101001100101100
11010010110100110010110100101100110100110010110011010010
11010011001011001101001011010011001011001101001100101101
11010011001011001101001011010011001011010010110011010010
11010011001011001101001100101101001011001101001011010011
11010011001011001101001100101101001011001101001100101100
11010011001011010010110011010010110100110010110011010011
11010011001011010010110011010010110100110010110100101100
11010011001011010010110011010011001011001101001011010011
