1 1
2 2
3 3
4 4
5 5
6 6
7 9
8 10
9 11
10 12
11 13
12 18
13 19
14 20
15 22
16 25
17 26
18 37
19 38
20 41
21 44
22 45
23 50
24 51
25 52
26 75
27 76
28 77
29 82
30 83
31 89
32 90
33 101
34 102
35 105
36 150
37 153
38 154
39 165
40 166
41 179
42 180
43 203
44 205
45 210
46 211
47 300
48 301
49 306
50 308
51 331
52 332
53 358
54 361
55 406
56 410
57 421
58 422
59 601
60 602
61 613
62 617
63 662
64 665
65 717
66 722
67 723
68 812
69 813
70 820
71 843
72 844
73 1203
74 1204
75 1227
76 1234
77 1235
78 1324
79 1325
80 1330
81 1434
82 1445
83 1446
84 1625
85 1626
86 1641
87 1686
88 1689
89 2406
90 2409
91 2454
92 2469
93 2470
94 2649
95 2650
96 2661
97 2868
98 2891
99 2892
100 3251
101 3252
102 3282
103 3283
104 3372
105 3373
106 3378
107 4813
108 4818
109 4819
110 4908
111 4909
112 4939
113 4940
114 5299
115 5300
116 5323
117 5737
118 5782
119 5785
120 6502
121 6505
122 6565
123 6566
124 6745
125 6746
126 6757
127 9626
128 9637
129 9638
130 9817
131 9818
132 9878
133 9881
134 10598
135 10601
136 10646
137 11474
138 11475
139 11564
140 11570
141 13005
142 13010
143 13131
144 13132
145 13491
146 13492
147 13515
148 19252
149 19275
150 19276
151 19635
152 19636
153 19757
154 19762
155 21197
156 21203
157 21292
158 21293
159 22949
160 22950
161 23129
162 23141
163 26010
164 26021
165 26262
166 26265
167 26982
168 26985
169 27030
170 38505
171 38550
172 38553
173 39270
174 39273
175 39514
176 39525
177 42394
178 42406
179 42585
180 42586
181 45899
182 45900
183 46259
184 46283
185 52020
186 52043
187 52525
188 52530
189 53965
190 53971
191 54060
192 54061
193 77010
194 77011
195 77100
196 77106
197 78541
198 78546
199 79028
200 79051
201 84788
202 84812
203 85171
204 85172
205 91798
206 91801
207 92518
208 92566
209 104041
210 104086
211 105050
212 105061
213 107930
214 107942
215 108121
216 108122
217 154021
218 154022
219 154201
220 154213
221 157082
222 157093
223 158057
224 158102
225 169577
226 169625
227 170342
228 170345
229 183597
230 183602
231 185037
232 185132
233 185133
234 208082
235 208083
236 208172
237 210100
238 210123
239 215860
240 215884
241 216243
242 216244
243 308043
244 308044
245 308403
246 308427
247 314164
248 314187
249 316115
250 316204
251 316205
252 339154
253 339155
254 339250
255 340685
256 340690
257 367194
258 367205
259 370074
260 370265
261 370266
262 416165
263 416166
264 416345
265 420201
266 420246
267 431721
268 431769
269 432486
270 432489
271 616086
272 616089
273 616806
274 616854
275 628329
276 628374
277 632230
278 632409
279 632410
280 678309
281 678310
282 678501
283 681370
284 681381
285 734388
286 734411
287 740148
288 740531
289 740532
290 832331
291 832332
292 832691
293 840403
294 840492
295 840493
296 863442
297 863443
298 863538
299 864973
300 864978
301 1232173
302 1232178
303 1233613
304 1233708
305 1233709
306 1256658
307 1256659
308 1256748
309 1264460
310 1264819
311 1264820
312 1356619
313 1356620
314 1357003
315 1362740
316 1362763
317 1468777
318 1468822
319 1480297
320 1481062
321 1481065
322 1664662
323 1664665
324 1665382
325 1680806
326 1680985
327 1680986
328 1726885
329 1726886
330 1727077
331 1729946
332 1729957
333 2464346
334 2464357
335 2467226
336 2467417
337 2467418
338 2513317
339 2513318
340 2513497
341 2528921
342 2529638
343 2529641
344 2713238
345 2713241
346 2714006
347 2725481
348 2725526
349 2937555
350 2937644
351 2937645
352 2960594
353 2960595
354 2962125
355 2962130
356 3329325
357 3329330
358 3330765
359 3361612
360 3361971
361 3361972
362 3453771
363 3453772
364 3454155
365 3459892
366 3459915
367 4928692
368 4928715
369 4934452
370 4934835
371 4934836
372 5026635
373 5026636
374 5026995
375 5057842
376 5059277
377 5059282
378 5426477
379 5426482
380 5428012
381 5428013
382 5450962
383 5450963
384 5451052
385 5875110
386 5875289
387 5875290
388 5921189
389 5921190
390 5924250
391 5924261
392 6658650
393 6658661
394 6661530
395 6723225
396 6723942
397 6723945
398 6907542
399 6907545
400 6908310
401 6919785
402 6919830
403 9857385
404 9857430
405 9868905
406 9869670
407 9869673
408 10053270
409 10053273
410 10053990
411 10115685
412 10118554
413 10118565
414 10852954
415 10852965
416 10856025
417 10856026
418 10901925
419 10901926
420 10902105
421 11750220
422 11750579
423 11750580
424 11842379
425 11842380
426 11848500
427 11848523
428 13317300
429 13317323
430 13323060
431 13446450
432 13447885
433 13447890
434 13815085
435 13815090
436 13816620
437 13816621
438 13839570
439 13839571
440 13839660
441 19714771
442 19714860
443 19714861
444 19737810
445 19737811
446 19739341
447 19739346
448 20106541
449 20106546
450 20107981
451 20231371
452 20237108
453 20237131
454 21705908
455 21705931
456 21712051
457 21712052
458 21803851
459 21803852
460 21804211
461 23500441
462 23501158
463 23501161
464 23684758
465 23684761
466 23697001
467 23697046
468 26634601
469 26634646
470 26646121
471 26892901
472 26895770
473 26895781
474 27630170
475 27630181
476 27633241
477 27633242
478 27679141
479 27679142
480 27679321
481 39429542
482 39429721
483 39429722
484 39475621
485 39475622
486 39478682
487 39478693
488 40213082
489 40213093
490 40215962
491 40462742
492 40474217
493 40474262
494 43411817
495 43411862
496 43424102
497 43424105
498 43607702
499 43607705
500 43608422
501 47000882
502 47002317
503 47002322
504 47369517
505 47369522
506 47394003
507 47394092
508 53269203
509 53269293
510 53292242
511 53292243
512 53785803
513 53791540
514 53791563
515 55260340
516 55260363
517 55266483
518 55266484
519 55358283
520 55358284
521 55358643
522 78859084
523 78859443
524 78859444
525 78951243
526 78951244
527 78957364
528 78957387
529 80426164
530 80426187
531 80431924
532 80925484
533 80925485
534 80948434
535 80948524
536 86823635
537 86823724
538 86848205
539 86848210
540 87215405
541 87215410
542 87216845
543 94001765
544 94004634
545 94004645
546 94739034
547 94739045
548 94788006
549 94788185
550 106538406
551 106538586
552 106584485
553 106584486
554 107571606
555 107583081
556 107583126
557 110520681
558 110520726
559 110532966
560 110532969
561 110716566
562 110716569
563 110717286
564 157718169
565 157718886
566 157718889
567 157902486
568 157902489
569 157914729
570 157914774
571 160852329
572 160852374
573 160863849
574 161850969
575 161850970
576 161896869
577 161897049
578 173647270
579 173647449
580 173696410
581 173696421
582 174430810
583 174430821
584 174433690
585 188003531
586 188009268
587 188009291
588 189478068
589 189478091
590 189576012
591 189576371
592 213076812
593 213077172
594 213168971
595 213168972
596 215143212
597 215143213
598 215166162
599 215166252
600 221041363
601 221041452
602 221065933
603 221065938
604 221433133
605 221433138
606 221434573
607 315436338
608 315437773
609 315437778
610 315804973
611 315804978
612 315829459
613 315829548
614 321704659
615 321704749
616 321727698
617 321727699
618 323701939
619 323701940
620 323793739
621 323794099
622 347294540
623 347294899
624 347392820
625 347392843
626 348861620
627 348861643
628 348867380
629 376007062
630 376018537
631 376018582
632 378956137
633 378956182
634 379152025
635 379152742
636 426153625
637 426154345
638 426337942
639 426337945
640 430286425
641 430286426
642 430332325
643 430332505
644 442082726
645 442082905
646 442131866
647 442131877
648 442866266
649 442866277
650 442869146
651 630872677
652 630875546
653 630875557
654 631609946
655 631609957
656 631658918
657 631659097
658 643409318
659 643409498
660 643455397
661 643455398
662 647403878
663 647403881
664 647587478
665 647588198
666 694589081
667 694589798
668 694785641
669 694785686
670 697723241
671 697723286
672 697734761
673 752014124
674 752014125
675 752037074
676 752037164
677 757912275
678 757912364
679 758304050
680 758305485
681 852307250
682 852308690
683 852675885
684 852675890
685 860572851
686 860572852
687 860664651
688 860665011
689 884165452
690 884165811
691 884263732
692 884263755
693 885732532
694 885732555
695 885738292
696 1261745355
697 1261751092
698 1261751115
699 1263219892
700 1263219915
701 1263317836
702 1263318195
703 1286818636
704 1286818996
705 1286910795
706 1286910796
707 1294807757
708 1294807762
709 1295174957
710 1295176397
711 1389178162
712 1389179597
713 1389571283
714 1389571372
715 1395446483
716 1395446573
717 1395469522
718 1395469523
719 1504028249
720 1504028250
721 1504074149
722 1504074329
723 1515824550
724 1515824729
725 1516608101
726 1516610970
727 1704614501
728 1704617381
729 1705351770
730 1705351781
731 1721145702
732 1721145705
733 1721329302
734 1721330022
735 1768330905
736 1768331622
737 1768527465
738 1768527510
739 1771465065
740 1771465110
741 1771476585
742 2523490710
743 2523502185
744 2523502230
745 2526439785
746 2526439830
747 2526635673
748 2526636390
749 2573637273
750 2573637993
751 2573821590
752 2573821593
753 2589615514
754 2589615525
755 2590349914
756 2590352794
757 2778356325
758 2778359194
759 2779142566
760 2779142745
761 2790892966
762 2790893146
763 2790939045
764 2790939046
765 3008056499
766 3008056500
767 3008148299
768 3008148659
769 3031649100
770 3031649459
771 3033216203
772 3033221940
773 3409229003
774 3409234763
775 3410703540
776 3410703563
777 3442291405
778 3442291410
779 3442658605
780 3442660045
781 3536661810
782 3536663245
783 3537054931
784 3537055020
785 3542930131
786 3542930221
787 3542953170
788 3542953171
789 5046981420
790 5046981421
791 5047004370
792 5047004460
793 5052879571
794 5052879660
795 5053271346
796 5053272781
797 5147274546
798 5147275986
799 5147643181
800 5147643186
801 5179231028
802 5179231051
803 5180699828
804 5180705588
805 5556712651
806 5556718388
807 5558285132
808 5558285491
809 5581785932
810 5581786292
811 5581878091
812 5581878092
813 6016112998
814 6016113001
815 6016296598
816 6016297318
817 6063298201
818 6063298918
819 6066432406
820 6066443881
821 6818458006
822 6818469526
823 6821407081
824 6821407126
825 6884582810
826 6884582821
827 6885317210
828 6885320090
829 7073323621
830 7073326490
831 7074109862
832 7074110041
833 7085860262
834 7085860442
835 7085906341
836 7085906342
837 10093962841
838 10093962842
839 10094008741
840 10094008921
841 10105759142
842 10105759321
843 10106542693
844 10106545562
845 10294549093
846 10294551973
847 10295286362
848 10295286373
849 10358462057
850 10358462102
851 10361399657
852 10361411177
853 11113425302
854 11113436777
855 11116570265
856 11116570982
857 11163571865
858 11163572585
859 11163756182
860 11163756185
861 12032225997
862 12032226002
863 12032593197
864 12032594637
865 12126596402
866 12126597837
867 12132864813
868 12132887762
869 12132887763
870 13636916012
871 13636916013
872 13636939052
873 13642814163
874 13642814252
875 13769165620
876 13769165643
877 13770634420
878 13770640180
879 14146647243
880 14146652980
881 14148219724
882 14148220083
883 14171720524
884 14171720884
885 14171812683
886 14171812684
887 20187925683
888 20187925684
889 20188017483
890 20188017843
891 20211518284
892 20211518643
893 20213085387
894 20213091124
895 20589098187
896 20589103947
897 20590572724
898 20590572747
899 20716924115
900 20716924204
901 20722799315
902 20722822354
903 20722822355
904 22226850604
905 22226850605
906 22226873554
907 22233140530
908 22233141965
909 22327143730
910 22327145170
911 22327512365
912 22327512370
913 24064451994
914 24064452005
915 24065186394
916 24065189274
917 24253192805
918 24253195674
919 24265729626
920 24265775525
921 24265775526
922 27273832025
923 27273832026
924 27273878105
925 27285628326
926 27285628505
927 27538331241
928 27538331286
929 27541268841
930 27541280361
931 28293294486
932 28293305961
933 28296439449
934 28296440166
935 28343441049
936 28343441769
937 28343625366
938 28343625369
939 40375851366
940 40375851369
941 40376034966
942 40376035686
943 40423036569
944 40423037286
945 40426170774
946 40426182249
947 41178196374
948 41178207894
949 41181145449
950 41181145494
951 41433848230
952 41433848409
953 41445598630
954 41445644709
955 41445644710
956 44453701209
957 44453701210
958 44453747109
959 44466281061
960 44466283930
961 44654287461
962 44654290341
963 44655024730
964 44655024741
965 48128903988
966 48128904011
967 48130372788
968 48130378548
969 48506385611
970 48506391348
971 48531459252
972 48531551051
973 48531551052
974 54547664051
975 54547664052
976 54547756211
977 54571256652
978 54571257011
979 55076662483
980 55076662572
981 55082537683
982 55082560722
983 55082560723
984 56586588972
985 56586588973
986 56586611922
987 56592878898
988 56592880333
989 56686882098
990 56686883538
991 56687250733
992 56687250738
993 80751702733
994 80751702738
995 80752069933
996 80752071373
997 80846073138
998 80846074573
999 80852341549
1000 80852364498
1001 80852364499
1002 82356392748
1003 82356392749
1004 82356415788
1005 82362290899
1006 82362290988
1007 82867696460
1008 82867696819
1009 82891197260
1010 82891289419
1011 82891289420
1012 88907402419
1013 88907402420
1014 88907494219
1015 88932562123
1016 88932567860
1017 89308574923
1018 89308580683
1019 89310049460
1020 89310049483
1021 96257807977
1022 96257808022
1023 96260745577
1024 96260757097
1025 97012771222
1026 97012782697
1027 97062918505
1028 97063102102
1029 97063102105
1030 109095328102
1031 109095328105
1032 109095512422
1033 109142513305
1034 109142514022
1035 110153324966
1036 110153325145
1037 110165075366
1038 110165121445
1039 110165121446
1040 113173177945
1041 113173177946
1042 113173223845
1043 113185757797
1044 113185760666
1045 113373764197
1046 113373767077
1047 113374501466
1048 113374501477
1049 161503405466
1050 161503405477
1051 161504139866
1052 161504142746
1053 161692146277
1054 161692149146
1055 161704683098
1056 161704728997
1057 161704728998
1058 164712785497
1059 164712785498
1060 164712831577
1061 164724581798
1062 164724581977
1063 165735392921
1064 165735393638
1065 165782394521
1066 165782578838
1067 165782578841
1068 177814804838
1069 177814804841
1070 177814988438
1071 177865124246
1072 177865135721
1073 178617149846
1074 178617161366
1075 178620098921
1076 178620098966
1077 192515615955
1078 192515616044
1079 192521491155
1080 192521514194
1081 192521514195
1082 194025542444
1083 194025542445
1084 194025565394
1085 194125837010
1086 194126204205
1087 194126204210
1088 218190656205
1089 218190656210
1090 218191024845
1091 218285026610
1092 218285028045
1093 220306649932
1094 220306650291
1095 220330150732
1096 220330242891
1097 220330242892
1098 226346355891
1099 226346355892
1100 226346447691
1101 226371515595
1102 226371521332
1103 226747528395
1104 226747534155
1105 226749002932
1106 226749002955
1107 323006810932
1108 323006810955
1109 323008279732
1110 323008285492
1111 323384292555
1112 323384298292
1113 323409366196
1114 323409457995
1115 323409457996
1116 329425570995
1117 329425570996
1118 329425663155
1119 329449163596
1120 329449163955
1121 331470785842
1122 331470787277
1123 331564789042
1124 331565157677
1125 331565157682
1126 355629609677
1127 355629609682
1128 355629976877
1129 355730248493
1130 355730271442
1131 355730271443
1132 357234299692
1133 357234299693
1134 357234322732
1135 357240197843
1136 357240197932
1137 385031231910
1138 385031232089
1139 385042982310
1140 385043028389
1141 385043028390
1142 388051084889
1143 388051084890
1144 388051130789
1145 388251674021
1146 388252408410
1147 388252408421
1148 436381312410
1149 436381312421
1150 436382049690
1151 436570053221
1152 436570056090
1153 440613299865
1154 440613300582
1155 440660301465
1156 440660485782
1157 440660485785
1158 452692711782
1159 452692711785
1160 452692895382
1161 452743031190
1162 452743042665
1163 453495056790
1164 453495068310
1165 453498005865
1166 453498005910
1167 646013621865
1168 646013621910
1169 646016559465
1170 646016570985
1171 646768585110
1172 646768596585
1173 646818732393
1174 646818915990
1175 646818915993
1176 658851141990
1177 658851141993
1178 658851326310
1179 658898327193
1180 658898327910
1181 662941571685
1182 662941574554
1183 663129578085
1184 663130315354
1185 663130315365
1186 711259219354
1187 711259219365
1188 711259953754
1189 711460496986
1190 711460542885
1191 711460542886
1192 714468599385
1193 714468599386
1194 714468645465
1195 714480395686
1196 714480395865
1197 770062463820
1198 770062464179
1199 770085964620
1200 770086056779
1201 770086056780
1202 776102169779
1203 776102169780
1204 776102261579
1205 776503348043
1206 776504816820
1207 776504816843
1208 872762624820
1209 872762624843
1210 872764099380
1211 873140106443
1212 873140112180
1213 881226599730
1214 881226601165
1215 881320602930
1216 881320971565
1217 881320971570
1218 905385423565
1219 905385423570
1220 905385790765
1221 905486062381
1222 905486085330
1223 905486085331
1224 906990113580
1225 906990113581
1226 906990136620
1227 906996011731
1228 906996011820
1229 1292027243731
1230 1292027243820
1231 1292033118931
1232 1292033141970
1233 1292033141971
1234 1293537170220
1235 1293537170221
1236 1293537193170
1237 1293637464786
1238 1293637831981
1239 1293637831986
1240 1317702283981
1241 1317702283986
1242 1317702652621
1243 1317796654386
1244 1317796655821
1245 1325883143371
1246 1325883149108
1247 1326259156171
1248 1326260630708
1249 1326260630731
1250 1422518438708
1251 1422518438731
1252 1422519907508
1253 1422920993972
1254 1422921085771
1255 1422921085772
1256 1428937198771
1257 1428937198772
1258 1428937290931
1259 1428960791372
1260 1428960791731
1261 1540124927641
1262 1540124928358
1263 1540171929241
1264 1540172113558
1265 1540172113561
1266 1552204339558
1267 1552204339561
1268 1552204523158
1269 1553006696086
1270 1553009633641
1271 1553009633686
1272 1745525249641
1273 1745525249686
1274 1745528198761
1275 1746280212886
1276 1746280224361
1277 1762453199461
1278 1762453202330
1279 1762641205861
1280 1762641943130
1281 1762641943141
1282 1810770847130
1283 1810770847141
1284 1810771581530
1285 1810972124762
1286 1810972170661
1287 1810972170662
1288 1813980227161
1289 1813980227162
1290 1813980273241
1291 1813992023462
1292 1813992023641
1293 2584054487462
1294 2584054487641
1295 2584066237862
1296 2584066283941
1297 2584066283942
1298 2587074340441
1299 2587074340442
1300 2587074386341
1301 2587274929573
1302 2587275663962
1303 2587275663973
1304 2635404567962
1305 2635404567973
1306 2635405305242
1307 2635593308773
1308 2635593311642
1309 2651766286742
1310 2651766298217
1311 2652518312342
1312 2652521261417
1313 2652521261462
1314 2845036877417
1315 2845036877462
1316 2845039815017
1317 2845841987945
1318 2845842171542
1319 2845842171545
1320 2857874397542
1321 2857874397545
1322 2857874581862
1323 2857921582745
1324 2857921583462
1325 3080249855282
1326 3080249856717
1327 3080343858482
1328 3080344227117
1329 3080344227122
1330 3104408679117
1331 3104408679122
1332 3104409046317
1333 3106013392172
1334 3106019267283
1335 3106019267372
1336 3491050499283
1337 3491050499372
1338 3491056397522
1339 3491056397523
1340 3492560425772
1341 3492560425773
1342 3492560448722
1343 3524906398923
1344 3524906404660
1345 3525282411723
1346 3525283886260
1347 3525283886283
1348 3621541694260
1349 3621541694283
1350 3621543163060
1351 3621944249524
1352 3621944341323
1353 3621944341324
1354 3627960454323
1355 3627960454324
1356 3627960546483
1357 3627984046924
1358 3627984047283
1359 5168108974924
1360 5168108975283
1361 5168132475724
1362 5168132567883
1363 5168132567884
1364 5174148680883
1365 5174148680884
1366 5174148772683
1367 5174549859147
1368 5174551327924
1369 5174551327947
1370 5270809135924
1371 5270809135947
1372 5270810610484
1373 5271186617547
1374 5271186623284
1375 5303532573485
1376 5303532596434
1377 5303532596435
1378 5305036624684
1379 5305036624685
1380 5305042522835
1381 5305042522924
1382 5690073754835
1383 5690073754924
1384 5690079630035
1385 5691683975890
1386 5691684343085
1387 5691684343090
1388 5715748795085
1389 5715748795090
1390 5715749163725
1391 5715843165490
1392 5715843166925
1393 6160499710565
1394 6160499713434
1395 6160687716965
1396 6160688454234
1397 6160688454245
1398 6208817358234
1399 6208817358245
1400 6208818092634
1401 6212026784345
1402 6212038534566
1403 6212038534745
1404 6982100998566
1405 6982100998745
1406 6982112795045
1407 6982112795046
1408 6985120851545
1409 6985120851546
1410 6985120897445
1411 7049812797846
1412 7049812809321
1413 7050564823446
1414 7050567772521
1415 7050567772566
1416 7243083388521
1417 7243083388566
1418 7243086326121
1419 7243888499049
1420 7243888682646
1421 7243888682649
1422 7255920908646
1423 7255920908649
1424 7255921092966
1425 7255968093849
1426 7255968094566
1427 10336217949849
1428 10336217950566
1429 10336264951449
1430 10336265135766
1431 10336265135769
1432 10348297361766
1433 10348297361769
1434 10348297545366
1435 10349099718294
1436 10349102655849
1437 10349102655894
1438 10541618271849
1439 10541618271894
1440 10541621220969
1441 10542373235094
1442 10542373246569
1443 10607065146970
1444 10607065192869
1445 10607065192870
1446 10610073249369
1447 10610073249370
1448 10610085045670
1449 10610085045849
1450 11380147509670
1451 11380147509849
1452 11380159260070
1453 11383367951781
1454 11383368686170
1455 11383368686181
1456 11431497590170
1457 11431497590181
1458 11431498327450
1459 11431686330981
1460 11431686333850
1461 12320999421131
1462 12320999426868
1463 12321375433931
1464 12321376908468
1465 12321376908491
1466 12417634716468
1467 12417634716491
1468 12417636185268
1469 12424053568691
1470 12424077069132
1471 12424077069491
1472 13964201997132
1473 13964201997491
1474 13964225590091
1475 13964225590092
1476 13970241703091
1477 13970241703092
1478 13970241794891
1479 14099625595693
1480 14099625618642
1481 14099625618643
1482 14101129646892
1483 14101129646893
1484 14101135545043
1485 14101135545132
1486 14486166777043
1487 14486166777132
1488 14486172652243
1489 14487776998098
1490 14487777365293
1491 14487777365298
1492 14511841817293
1493 14511841817298
1494 14511842185933
1495 14511936187698
1496 14511936189133
1497 20672435899698
1498 20672435901133
1499 20672529902898
1500 20672530271533
1501 20672530271538
1502 20696594723533
1503 20696594723538
1504 20696595090733
1505 20698199436588
1506 20698205311699
1507 20698205311788
1508 21083236543699
1509 21083236543788
1510 21083242441938
1511 21083242441939
1512 21084746470188
1513 21084746470189
1514 21084746493138
1515 21214130293940
1516 21214130385739
1517 21214130385740
1518 21220146498739
1519 21220146498740
1520 21220170091340
1521 21220170091699
1522 22760295019340
1523 22760295019699
1524 22760318520140
1525 22766735903563
1526 22766737372340
1527 22766737372363
1528 22862995180340
1529 22862995180363
1530 22862996654900
1531 22863372661963
1532 22863372667700
1533 24641998842262
1534 24641998853737
1535 24642750867862
1536 24642753816937
1537 24642753816982
1538 24835269432937
1539 24835269432982
1540 24835272370537
1541 24848107137382
1542 24848154138265
1543 24848154138982
1544 27928403994265
1545 27928403994982
1546 27928451180182
1547 27928451180185
1548 27940483406182
1549 27940483406185
1550 27940483589782
1551 28199251191386
1552 28199251237285
1553 28199251237286
1554 28202259293785
1555 28202259293786
1556 28202271090086
1557 28202271090265
1558 28972333554086
1559 28972333554265
1560 28972345304486
1561 28975553996197
1562 28975554730586
1563 28975554730597
1564 29023683634586
1565 29023683634597
1566 29023684371866
1567 29023872375397
1568 29023872378266
1569 41344871799397
1570 41344871802266
1571 41345059805797
1572 41345060543066
1573 41345060543077
1574 41393189447066
1575 41393189447077
1576 41393190181466
1577 41396398873177
1578 41396410623398
1579 41396410623577
1580 42166473087398
1581 42166473087577
1582 42166484883877
1583 42166484883878
1584 42169492940377
1585 42169492940378
1586 42169492986277
1587 42428260587881
1588 42428260771478
1589 42428260771481
1590 42440292997478
1591 42440292997481
1592 42440340182681
1593 42440340183398
1594 45520590038681
1595 45520590039398
1596 45520637040281
1597 45533471807126
1598 45533474744681
1599 45533474744726
1600 45725990360681
1601 45725990360726
1602 45725993309801
1603 45726745323926
1604 45726745335401
1605 49283997684525
1606 49283997707474
1607 49283997707475
1608 49285501735724
1609 49285501735725
1610 49285507633875
1611 49285507633964
1612 49670538865875
1613 49670538865964
1614 49670544741075
1615 49696214274765
1616 49696308276530
1617 49696308277965
1618 55856807988530
1619 55856807989965
1620 55856902360365
1621 55856902360370
1622 55880966812365
1623 55880966812370
1624 55880967179565
1625 56398502382772
1626 56398502474571
1627 56398502474572
1628 56404518587571
1629 56404518587572
1630 56404542180172
1631 56404542180531
1632 57944667108172
1633 57944667108531
1634 57944690608972
1635 57951107992395
1636 57951109461172
1637 57951109461195
1638 58047367269172
1639 58047367269195
1640 58047368743732
1641 58047744750795
1642 58047744756532
1643 82689743598795
1644 82689743604532
1645 82690119611595
1646 82690121086132
1647 82690121086155
1648 82786378894132
1649 82786378894155
1650 82786380362932
1651 82792797746355
1652 82792821246796
1653 82792821247155
1654 84332946174796
1655 84332946175155
1656 84332969767755
1657 84332969767756
1658 84338985880755
1659 84338985880756
1660 84338985972555
1661 84856521175762
1662 84856521542957
1663 84856521542962
1664 84880585994957
1665 84880585994962
1666 84880680365362
1667 84880680366797
1668 91041180077362
1669 91041180078797
1670 91041274080562
1671 91066943614252
1672 91066949489363
1673 91066949489452
1674 91451980721363
1675 91451980721452
1676 91451986619602
1677 91451986619603
1678 91453490647852
1679 91453490647853
1680 91453490670802
1681 98567995369050
1682 98567995414949
1683 98567995414950
1684 98571003471449
1685 98571003471450
1686 98571015267750
1687 98571015267929
1688 99341077731750
1689 99341077731929
1690 99341089482150
1691 99392428549530
1692 99392616553061
1693 99392616555930
1694 111713615977061
1695 111713615979930
1696 111713804720730
1697 111713804720741
1698 111761933624730
1699 111761933624741
1700 111761934359130
1701 112797004765545
1702 112797004949142
1703 112797004949145
1704 112809037175142
1705 112809037175145
1706 112809084360345
1707 112809084361062
1708 115889334216345
1709 115889334217062
1710 115889381217945
1711 115902215984790
1712 115902218922345
1713 115902218922390
1714 116094734538345
1715 116094734538390
1716 116094737487465
1717 116095489501590
1718 116095489513065
1719 165379487197590
1720 165379487209065
1721 165380239223190
1722 165380242172265
1723 165380242172310
1724 165572757788265
1725 165572757788310
1726 165572760725865
1727 165585595492710
1728 165585642493593
1729 165585642494310
1730 168665892349593
1731 168665892350310
1732 168665939535510
1733 168665939535513
1734 168677971761510
1735 168677971761513
1736 168677971945110
1737 169713042351525
1738 169713043085914
1739 169713043085925
1740 169761171989914
1741 169761171989925
1742 169761360730725
1743 169761360733594
1744 182082360154725
1745 182082360157594
1746 182082548161125
1747 182133887228505
1748 182133898978726
1749 182133898978905
1750 182903961442726
1751 182903961442905
1752 182903973239205
1753 182903973239206
1754 182906981295705
1755 182906981295706
1756 182906981341605
1757 197135990738100
1758 197135990829899
1759 197135990829900
1760 197142006942899
1761 197142006942900
1762 197142030535500
1763 197142030535859
1764 198682155463500
1765 198682155463859
1766 198682178964300
1767 198784857099060
1768 198785233106123
1769 198785233111860
1770 223427231954123
1771 223427231959860
1772 223427609441460
1773 223427609441483
1774 223523867249460
1775 223523867249483
1776 223523868718260
1777 225594009531090
1778 225594009898285
1779 225594009898290
1780 225618074350285
1781 225618074350290
1782 225618168720690
1783 225618168722125
1784 231778668432690
1785 231778668434125
1786 231778762435890
1787 231804431969580
1788 231804437844691
1789 231804437844780
1790 232189469076691
1791 232189469076780
1792 232189474974930
1793 232189474974931
1794 232190979003180
1795 232190979003181
1796 232190979026130
1797 330758974395181
1798 330758974418130
1799 330758974418131
1800 330760478446380
1801 330760478446381
1802 330760484344531
1803 330760484344620
1804 331145515576531
1805 331145515576620
1806 331145521451731
1807 331171190985421
1808 331171284987186
1809 331171284988621
1810 337331784699186
1811 337331784700621
1812 337331879071021
1813 337331879071026
1814 337355943523021
1815 337355943523026
1816 337355943890221
1817 339426084703051
1818 339426086171828
1819 339426086171851
1820 339522343979828
1821 339522343979851
1822 339522721461451
1823 339522721467188
1824 364164720309451
1825 364164720315188
1826 364165096322251
1827 364267774457011
1828 364267797957452
1829 364267797957811
1830 365807922885452
1831 365807922885811
1832 365807946478411
1833 365807946478412
1834 365813962591411
1835 365813962591412
1836 365813962683211
1837 394271981476201
1838 394271981659798
1839 394271981659801
1840 394284013885798
1841 394284013885801
1842 394284061071001
1843 394284061071718
1844 397364310927001
1845 397364310927718
1846 397364357928601
1847 397569714198121
1848 397570466212246
1849 397570466223721
1850 446854463908246
1851 446854463919721
1852 446855218882921
1853 446855218882966
1854 447047734498921
1855 447047734498966
1856 447047737436521
1857 451188019062181
1858 451188019796570
1859 451188019796581
1860 451236148700570
1861 451236148700581
1862 451236337441381
1863 451236337444250
1864 463557336865381
1865 463557336868250
1866 463557524871781
1867 463608863939161
1868 463608875689382
1869 463608875689561
1870 464378938153382
1871 464378938153561
1872 464378949949861
1873 464378949949862
1874 464381958006361
1875 464381958006362
1876 464381958052261
1877 661517948790362
1878 661517948836261
1879 661517948836262
1880 661520956892761
1881 661520956892762
1882 661520968689062
1883 661520968689241
1884 662291031153062
1885 662291031153241
1886 662291042903462
1887 662342381970842
1888 662342569974373
1889 662342569977242
1890 674663569398373
1891 674663569401242
1892 674663758142042
1893 674663758142053
1894 674711887046042
1895 674711887046053
1896 674711887780442
1897 678852169406102
1898 678852172343657
1899 678852172343702
1900 679044687959657
1901 679044687959702
1902 679045442922902
1903 679045442934377
1904 728329440618902
1905 728329440630377
1906 728330192644502
1907 728535548914022
1908 728535595914905
1909 728535595915622
1910 731615845770905
1911 731615845771622
1912 731615892956822
1913 731615892956825
1914 731627925182822
1915 731627925182825
1916 731627925366422
1917 788543962952402
1918 788543963319597
1919 788543963319602
1920 788568027771597
1921 788568027771602
1922 788568122142002
1923 788568122143437
1924 794728621854002
1925 794728621855437
1926 794728715857202
1927 795139428396242
1928 795139428396243
1929 795140932424492
1930 795140932447442
1931 893708927816493
1932 893708927839442
1933 893710437765843
1934 893710437765932
1935 894095468997843
1936 894095468997932
1937 894095474873043
1938 902376038124363
1939 902376039593140
1940 902376039593163
1941 902472297401140
1942 902472297401163
1943 902472674882763
1944 902472674888500
1945 927114673730763
1946 927114673736500
1947 927115049743563
1948 927217727878323
1949 927217751378764
1950 927217751379123
1951 928757876306764
1952 928757876307123
1953 928757899899723
1954 928757899899724
1955 928763916012723
1956 928763916012724
1957 928763916104523
1958 1323035897580724
1959 1323035897672523
1960 1323035897672524
1961 1323041913785523
1962 1323041913785524
1963 1323041937378124
1964 1323041937378483
1965 1324582062306124
1966 1324582062306483
1967 1324582085806924
1968 1324684763941684
1969 1324685139948747
1970 1324685139954484
1971 1349327138796747
1972 1349327138802484
1973 1349327516284084
1974 1349327516284107
1975 1349423774092084
1976 1349423774092107
1977 1349423775560884
1978 1357704338812204
1979 1357704344687315
1980 1357704344687404
1981 1358089375919315
1982 1358089375919404
1983 1358090885845805
1984 1358090885868754
1985 1456658881237805
1986 1456658881260755
1987 1456660385289004
1988 1456660385289005
1989 1457071097828045
1990 1457071191829810
1991 1457071191831245
1992 1463231691541810
1993 1463231691543245
1994 1463231785913645
1995 1463231785913650
1996 1463255850365645
1997 1463255850365650
1998 1463255850732845
1999 1577087925904805
2000 1577087926639194
2001 1577087926639205
2002 1577136055543194
2003 1577136055543205
2004 1577136244284005
2005 1577136244286874
2006 1589457243708005
2007 1589457243710874
2008 1589457431714405
2009 1590278856792485
2010 1590278856792486
2011 1590281864848985
2012 1590281864894885
2013 1787417855632986
2014 1787417855678885
2015 1787420875531686
2016 1787420875531865
2017 1788190937995686
2018 1788190937995865
2019 1788190949746086
2020 1804752076248726
2021 1804752079186281
2022 1804752079186326
2023 1804944594802281
2024 1804944594802326
2025 1804945349765526
2026 1804945349777001
2027 1854229347461526
2028 1854229347473001
2029 1854230099487126
2030 1854435455756646
2031 1854435502757529
2032 1854435502758246
2033 1857515752613529
2034 1857515752614246
2035 1857515799799446
2036 1857515799799449
2037 1857527832025446
2038 1857527832025449
2039 1857527832209046
2040 2646071795161449
2041 2646071795345046
2042 2646071795345049
2043 2646083827571046
2044 2646083827571049
2045 2646083874756249
2046 2646083874756966
2047 2649164124612249
2048 2649164124612966
2049 2649164171613849
2050 2649369527883369
2051 2649370279897494
2052 2649370279908969
2053 2698654277593494
2054 2698654277604969
2055 2698655032568169
2056 2698655032568214
2057 2698847548184169
2058 2698847548184214
2059 2698847551121769
2060 2715408677624409
2061 2715408689374630
2062 2715408689374809
2063 2716178751838630
2064 2716178751838809
2065 2716181771691610
2066 2716181771737509
2067 2913317762475610
2068 2913317762521510
2069 2913320770578009
2070 2913320770578010
2071 2914142195656090
2072 2914142383659621
2073 2914142383662490
2074 2926463383083621
2075 2926463383086490
2076 2926463571827290
2077 2926463571827301
2078 2926511700731290
2079 2926511700731301
2080 2926511701465690
2081 3154175851809611
2082 3154175853278388
2083 3154175853278411
2084 3154272111086388
2085 3154272111086411
2086 3154272488568011
2087 3154272488573748
2088 3178914487416011
2089 3178914487421748
2090 3178914863428811
2091 3180557713584971
2092 3180557713584972
2093 3180563729697971
2094 3180563729789771
2095 3574835711265972
2096 3574835711357771
2097 3574841751063372
2098 3574841751063731
2099 3576381875991372
2100 3576381875991731
2101 3576381899492172
2102 3609504152497452
2103 3609504158372563
2104 3609504158372652
2105 3609889189604563
2106 3609889189604652
2107 3609890699531053
2108 3609890699554002
2109 3708458694923053
2110 3708458694946003
2111 3708460198974252
2112 3708460198974253
2113 3708870911513293
2114 3708871005515058
2115 3708871005516493
2116 3715031505227058
2117 3715031505228493
2118 3715031599598893
2119 3715031599598898
2120 3715055664050893
2121 3715055664050898
2122 3715055664418093
2123 5292143590322898
2124 5292143590690093
2125 5292143590690098
2126 5292167655142093
2127 5292167655142098
2128 5292167749512498
2129 5292167749513933
2130 5298328249224498
2131 5298328249225933
2132 5298328343227698
2133 5298739055766738
2134 5298739055766739
2135 5298740559794988
2136 5298740559817938
2137 5397308555186989
2138 5397308555209938
2139 5397310065136339
2140 5397310065136428
2141 5397695096368339
2142 5397695096368428
2143 5397695102243539
2144 5430817355248819
2145 5430817378749260
2146 5430817378749619
2147 5432357503677260
2148 5432357503677619
2149 5432363543383220
2150 5432363543475019
2151 5826635524951220
2152 5826635525043020
2153 5826641541156019
2154 5826641541156020
2155 5828284391312180
2156 5828284767319243
2157 5828284767324980
2158 5852926766167243
2159 5852926766172980
2160 5852927143654580
2161 5852927143654603
2162 5853023401462580
2163 5853023401462603
2164 5853023402931380
2165 6308351703619222
2166 6308351706556777
2167 6308351706556822
2168 6308544222172777
2169 6308544222172822
2170 6308544977136022
2171 6308544977147497
2172 6357828974832022
2173 6357828974843497
2174 6357829726857622
2175 6361115427169942
2176 6361115427169945
2177 6361127459395942
2178 6361127459579542
2179 7149671422531945
2180 7149671422715542
2181 7149683502126745
2182 7149683502127462
2183 7152763751982745
2184 7152763751983462
2185 7152763798984345
2186 7219008304994905
2187 7219008316745126
2188 7219008316745305
2189 7219778379209126
2190 7219778379209305
2191 7219781399062106
2192 7219781399108005
2193 7416917389846106
2194 7416917389892006
2195 7416920397948505
2196 7416920397948506
2197 7417741823026586
2198 7417742011030117
2199 7417742011032986
2200 7430063010454117
2201 7430063010456986
2202 7430063199197786
2203 7430063199197797
2204 7430111328101786
2205 7430111328101797
2206 7430111328836186
2207 10584287180645797
2208 10584287181380186
2209 10584287181380197
2210 10584335310284186
2211 10584335310284197
2212 10584335499024997
2213 10584335499027866
2214 10596656498448997
2215 10596656498451866
2216 10596656686455397
2217 10597478111533477
2218 10597478111533478
2219 10597481119589977
2220 10597481119635877
2221 10794617110373978
2222 10794617110419877
2223 10794620130272678
2224 10794620130272857
2225 10795390192736678
2226 10795390192736857
2227 10795390204487078
2228 10861634710497638
2229 10861634757498521
2230 10861634757499238
2231 10864715007354521
2232 10864715007355238
2233 10864727086766441
2234 10864727086950038
2235 11653271049902441
2236 11653271050086041
2237 11653283082312038
2238 11653283082312041
2239 11656568782624361
2240 11656569534638486
2241 11656569534649961
2242 11705853532334486
2243 11705853532345961
2244 11705854287309161
2245 11705854287309206
2246 11706046802925161
2247 11706046802925206
2248 11706046805862761
2249 12616703407238444
2250 12616703413113555
2251 12616703413113644
2252 12617088444345555
2253 12617088444345644
2254 12617089954272045
2255 12617089954294994
2256 12715657949664045
2257 12715657949686995
2258 12715659453715244
2259 12715659453715245
2260 12722230854339885
2261 12722230854339890
2262 12722254918791885
2263 12722254919159085
2264 14299342845063890
2265 14299342845431085
2266 14299367004253490
2267 14299367004254925
2268 14305527503965490
2269 14305527503966925
2270 14305527597968690
2271 14438016609989811
2272 14438016633490252
2273 14438016633490611
2274 14439556758418252
2275 14439556758418611
2276 14439562798124212
2277 14439562798216011
2278 14833834779692212
2279 14833834779784012
2280 14833840795897011
2281 14833840795897012
2282 14835483646053172
2283 14835484022060235
2284 14835484022065972
2285 14860126020908235
2286 14860126020913972
2287 14860126398395572
2288 14860126398395595
2289 14860222656203572
2290 14860222656203595
2291 14860222657672372
2292 21168574361291595
2293 21168574362760372
2294 21168574362760395
2295 21168670620568372
2296 21168670620568395
2297 21168670998049995
2298 21168670998055732
2299 21193312996897995
2300 21193312996903732
2301 21193313372910795
2302 21194956223066955
2303 21194956223066956
2304 21194962239179955
2305 21194962239271755
2306 21589234220747956
2307 21589234220839755
2308 21589240260545356
2309 21589240260545715
2310 21590780385473356
2311 21590780385473715
2312 21590780408974156
2313 21723269420995277
2314 21723269514997042
2315 21723269514998477
2316 21729430014709042
2317 21729430014710477
2318 21729454173532882
2319 21729454173900077
2320 23306542099804882
2321 23306542100172082
2322 23306566164624077
2323 23306566164624082
2324 23313137565248722
2325 23313137565248723
2326 23313139069276972
2327 23313139069299922
2328 23411707064668973
2329 23411707064691922
2330 23411708574618323
2331 23411708574618412
2332 23412093605850323
2333 23412093605850412
2334 23412093611725523
2335 25233406814476889
2336 25233406826227110
2337 25233406826227289
2338 25234176888691110
2339 25234176888691289
2340 25234179908544090
2341 25234179908589989
2342 25431315899328090
2343 25431315899373990
2344 25431318907430489
2345 25431318907430490
2346 25444461708679770
2347 25444461708679781
2348 25444509837583770
2349 25444509838318170
2350 28598685690127781
2351 28598685690862170
2352 28598734008506981
2353 28598734008509850
2354 28611055007930981
2355 28611055007933850
2356 28611055195937381
2357 28876033219979622
2358 28876033266980505
2359 28876033266981222
2360 28879113516836505
2361 28879113516837222
2362 28879125596248425
2363 28879125596432022
2364 29667669559384425
2365 29667669559568025
2366 29667681591794022
2367 29667681591794025
2368 29670967292106345
2369 29670968044120470
2370 29670968044131945
2371 29720252041816470
2372 29720252041827945
2373 29720252796791145
2374 29720252796791190
2375 29720445312407145
2376 29720445312407190
2377 29720445315344745
2378 42337148722583190
2379 42337148725520745
2380 42337148725520790
2381 42337341241136745
2382 42337341241136790
2383 42337341996099990
2384 42337341996111465
2385 42386625993795990
2386 42386625993807465
2387 42386626745821590
2388 42389912446133910
2389 42389912446133913
2390 42389924478359910
2391 42389924478543510
2392 43178468441495913
2393 43178468441679510
2394 43178480521090713
2395 43178480521091430
2396 43181560770946713
2397 43181560770947430
2398 43181560817948313
2399 43446538841990554
2400 43446539029994085
2401 43446539029996954
2402 43458860029418085
2403 43458860029420954
2404 43458908347065765
2405 43458908347800154
2406 46613084199609765
2407 46613084200344165
2408 46613132329248154
2409 46613132329248165
2410 46626275130497445
2411 46626275130497446
2412 46626278138553945
2413 46626278138599845
2414 46823414129337946
2415 46823414129383845
2416 46823417149236646
2417 46823417149236825
2418 46824187211700646
2419 46824187211700825
2420 46824187223451046
2421 50466813628953779
2422 50466813652454220
2423 50466813652454579
2424 50468353777382220
2425 50468353777382579
2426 50468359817088180
2427 50468359817179979
2428 50862631798656180
2429 50862631798747980
2430 50862637814860979
2431 50862637814860980
2432 50888923417359540
2433 50888923417359563
2434 50889019675167540
2435 50889019676636340
2436 57197371380255563
2437 57197371381724340
2438 57197468017013963
2439 57197468017019700
2440 57222110015861963
2441 57222110015867700
2442 57222110391874763
2443 57752066439959245
2444 57752066533961010
2445 57752066533962445
2446 57758227033673010
2447 57758227033674445
2448 57758251192496850
2449 57758251192864045
2450 59335339118768850
2451 59335339119136050
2452 59335363183588045
2453 59335363183588050
2454 59341934584212690
2455 59341934584212691
2456 59341936088240940
2457 59341936088263890
2458 59440504083632941
2459 59440504083655890
2460 59440505593582291
2461 59440505593582380
2462 59440890624814291
2463 59440890624814380
2464 59440890630689491
2465 84674297445166380
2466 84674297451041491
2467 84674297451041580
2468 84674682482273491
2469 84674682482273580
2470 84674683992199981
2471 84674683992222930
2472 84773251987591981
2473 84773251987614931
2474 84773253491643180
2475 84773253491643181
2476 84779824892267821
2477 84779824892267826
2478 84779848956719821
2479 84779848957087021
2480 86356936882991826
2481 86356936883359021
2482 86356961042181426
2483 86356961042182861
2484 86363121541893426
2485 86363121541894861
2486 86363121635896626
2487 86893077683981108
2488 86893078059988171
2489 86893078059993908
2490 86917720058836171
2491 86917720058841908
2492 86917816694131531
2493 86917816695600308
2494 93226168399219531
2495 93226168400688331
2496 93226264658496308
2497 93226264658496331
2498 93252550260994891
2499 93252550260994892
2500 93252556277107891
